720575940602703072 1
720575940603201452 2
720575940605158065 3
720575940606573490 4
720575940606776585 5
720575940608529710 3
720575940608836291 6
720575940608886741 3
720575940608908100 4
720575940610318450 7
720575940610537170 8
720575940611418574 3
720575940611477683 4
720575940611720165 6
720575940611872149 9
720575940612065394 4
720575940612303102 6
720575940612490958 6
720575940612572131 3
720575940612630434 1
720575940612712354 7
720575940613202322 6
720575940613463471 4
720575940613518092 9
720575940613635737 9
720575940613944994 8
720575940613992657 8
720575940614009553 1
720575940614109586 8
720575940614153937 2
720575940614305386 3
720575940614310050 9
720575940615160239 6
720575940615389087 4
720575940615647500 4
720575940615879325 4
720575940616131414 3
720575940616195412 3
720575940616200790 3
720575940616271700 6
720575940616293889 3
720575940616370065 3
720575940616483284 8
720575940616483414 3
720575940616563668 7
720575940616621497 4
720575940616885597 4
720575940617280657 2
720575940617551409 6
720575940617562072 8
720575940617630182 1
720575940617648453 3
720575940617839440 8
720575940617853986 6
720575940617868249 4
720575940618029396 7
720575940618263365 4
720575940618364480 9
720575940618395205 2
720575940618463960 5
720575940618563664 3
720575940618978645 1
720575940619146053 4
720575940619176094 2
720575940619321157 4
720575940619419457 4
720575940619564854 4
720575940619775860 6
720575940619828091 8
720575940619896711 9
720575940619940693 1
720575940619969462 6
720575940620041837 4
720575940620096065 4
720575940620290992 4
720575940620321728 2
720575940620356545 9
720575940620561840 2
720575940620716897 3
720575940620736422 3
720575940620802836 4
720575940621007952 8
720575940621435045 6
720575940621457690 3
720575940621588139 4
720575940621662332 1
720575940621720837 8
720575940621895382 4
720575940621903896 3
720575940621904823 7
720575940622044394 6
720575940622151704 9
720575940622219190 9
720575940622329357 8
720575940622366221 6
720575940622424649 6
720575940622539411 4
720575940622629011 6
720575940622679590 8
720575940623001480 3
720575940623002805 4
720575940623120222 4
720575940623139341 1
720575940623305963 7
720575940623396548 6
720575940623562172 6
720575940623579371 3
720575940623687757 3
720575940623697671 3
720575940623817223 3
720575940624199721 6
720575940624273957 4
720575940624295096 4
720575940624534972 2
720575940624544748 3
720575940624678733 6
720575940624743096 9
720575940624824248 3
720575940624882190 6
720575940625019454 7
720575940625067294 4
720575940625069701 6
720575940625084474 6
720575940625216954 4
720575940625408133 6
720575940625470526 6
720575940625510402 4
720575940625730562 7
720575940625764154 4
720575940625813447 7
720575940625907077 4
720575940626050599 9
720575940626089368 7
720575940626146052 6
720575940626507027 3
720575940626524056 2
720575940626650890 6
720575940626887198 2
720575940626953063 9
720575940627047185 3
720575940627081534 6
720575940627168784 3
720575940627281594 2
720575940627309322 4
720575940627388401 3
720575940627426835 8
720575940627447427 4
720575940627463043 8
720575940628001512 3
720575940628093309 2
720575940628245291 1
720575940628342171 3
720575940628360506 6
720575940628577383 6
720575940628805448 6
720575940628928772 4
720575940628931292 6
720575940628949886 3
720575940629067163 4
720575940629259095 6
720575940629330426 2
720575940629342720 7
720575940629378903 3
720575940629547836 6
720575940629698012 3
720575940629730934 1
720575940629789310 7
720575940629897260 3
720575940629951481 8
720575940630003195 1
720575940630034944 4
720575940630244763 6
720575940630321605 4
720575940630357110 4
720575940630362179 7
720575940630387730 1
720575940630539535 6
720575940630703691 6
720575940630799059 1
720575940630831524 4
720575940630901719 8
720575940630910199 9
720575940630981906 1
720575940631051851 8
720575940631188039 4
720575940631235665 7
720575940631320168 6
720575940631347242 1
720575940631457388 6
720575940631608623 4
720575940631631929 4
720575940631639778 4
720575940631667281 6
720575940631989473 7
720575940632192676 9
720575940632397891 6
720575940632672156 4
720575940632998114 1
720575940633292057 6
720575940633705636 9
720575940633900896 9
720575940634017619 7
720575940634356831 4
720575940634412407 8
720575940634464352 4
720575940634525792 2
720575940635515744 3
720575940635565175 3
720575940636491631 4
720575940636938980 6
720575940637002462 6
720575940637120346 3
720575940638168639 1
720575940638285696 6
720575940638616030 6
720575940638660597 7
720575940638699069 8
720575940640460496 8
720575940640645949 6
720575940640757467 6
720575940640819544 6
720575940641148405 6
720575940641386203 6
720575940641681104 4
720575940641953933 6
720575940642489288 4
720575940643996196 3
720575940644620579 4
720575940645972276 2
720575940646407476 4
720575940646518382 9
720575940647079715 1
720575940651928566 2
720575940655011489 6
