720575940602703072 1
720575940603201452 2
720575940603693158 3
720575940603715296 4
720575940603751857 3
720575940603789228 2
720575940603980256 5
720575940604033708 4
720575940604064958 4
720575940604088288 2
720575940604418988 2
720575940604486880 4
720575940604542176 4
720575940604786720 4
720575940604821950 4
720575940604910270 6
720575940605043121 3
720575940605158065 3
720575940605218220 2
720575940605226673 4
720575940605307936 7
720575940605395558 6
720575940605420902 7
720575940605589378 3
720575940605619628 6
720575940605639810 1
720575940605721801 6
720575940605744561 1
720575940605960626 3
720575940606010057 4
720575940606010242 2
720575940606047874 2
720575940606112940 2
720575940606161586 4
720575940606264422 2
720575940606266726 1
720575940606366850 1
720575940606433410 4
720575940606453769 4
720575940606573490 4
720575940606694758 4
720575940606776585 4
720575940606913202 2
720575940606973570 7
720575940607249365 3
720575940607557315 7
720575940607562507 4
720575940607590236 7
720575940607831509 6
720575940607874315 4
720575940607949781 2
720575940607992587 4
720575940608042332 8
720575940608127666 2
720575940608161116 6
720575940608216132 4
720575940608268636 3
720575940608371586 3
720575940608400323 4
720575940608462684 3
720575940608471900 2
720575940608529710 3
720575940608660489 4
720575940608663253 4
720575940608810453 4
720575940608836291 3
720575940608886741 3
720575940608908100 4
720575940608956373 7
720575940609027523 7
720575940609088978 1
720575940609392738 4
720575940609462626 2
720575940609643273 6
720575940609718990 4
720575940609765333 2
720575940609768345 4
720575940609930616 1
720575940610008132 7
720575940610290162 7
720575940610304610 1
720575940610318450 6
720575940610354274 1
720575940610355042 4
720575940610439363 2
720575940610469986 4
720575940610491694 7
720575940610499779 4
720575940610537170 7
720575940610585753 2
720575940610623186 4
720575940610634725 4
720575940610696654 4
720575940610704078 4
720575940610831058 7
720575940610864338 1
720575940610868578 4
720575940611024281 4
720575940611048154 6
720575940611077093 2
720575940611108676 2
720575940611160755 4
720575940611164770 2
720575940611176362 4
720575940611197658 2
720575940611229298 4
720575940611352538 7
720575940611376346 7
720575940611380849 6
720575940611400434 2
720575940611418574 3
720575940611428977 4
720575940611439066 2
720575940611439473 2
720575940611443941 4
720575940611477657 3
720575940611477683 4
720575940611549363 7
720575940611555251 2
720575940611567918 2
720575940611617838 6
720575940611698674 1
720575940611720165 3
720575940611727075 4
720575940611811794 4
720575940611812050 1
720575940611813330 7
720575940611813842 2
720575940611872149 2
720575940611932586 2
720575940611967658 3
720575940611974354 4
720575940612030899 7
720575940612044750 7
720575940612063602 4
720575940612065394 4
720575940612083240 4
720575940612087922 7
720575940612090866 7
720575940612111894 6
720575940612113635 2
720575940612170981 4
720575940612240355 3
720575940612275298 2
720575940612277490 4
720575940612279538 7
720575940612281586 3
720575940612281842 4
720575940612291682 3
720575940612302042 4
720575940612303102 3
720575940612337331 2
720575940612395178 2
720575940612424362 2
720575940612456359 6
720575940612479850 4
720575940612490958 7
720575940612536371 4
720575940612572131 3
720575940612585011 4
720575940612624753 2
720575940612630434 1
720575940612638929 1
720575940612667414 2
720575940612688242 4
720575940612710371 6
720575940612712354 6
720575940612733235 1
720575940612763250 1
720575940612772077 4
720575940612843542 7
720575940612854634 4
720575940612876962 4
720575940612907154 4
720575940612917105 4
720575940612920214 4
720575940612921571 2
720575940613005937 4
720575940613038819 7
720575940613041375 2
720575940613071313 3
720575940613113154 3
720575940613126618 6
720575940613158142 4
720575940613163473 4
720575940613166515 7
720575940613202322 4
720575940613235865 2
720575940613250991 1
720575940613331763 4
720575940613412147 3
720575940613463471 4
720575940613481282 6
720575940613518092 4
720575940613540350 1
720575940613542055 1
720575940613588246 2
720575940613594783 4
720575940613598105 2
720575940613635737 2
720575940613636674 3
720575940613665194 4
720575940613676202 4
720575940613685162 4
720575940613749702 2
720575940613809071 4
720575940613863731 2
720575940613944994 1
720575940613981330 2
720575940613992657 1
720575940614009553 1
720575940614010274 7
720575940614042822 3
720575940614109586 1
720575940614153937 2
720575940614214883 4
720575940614215405 3
720575940614305386 3
720575940614310050 3
720575940614321831 9
720575940614358014 1
720575940614364578 7
720575940614392999 4
720575940614441726 2
720575940614461014 2
720575940614466983 7
720575940614485671 3
720575940614485927 6
720575940614535842 2
720575940614546942 2
720575940614587615 2
720575940614600879 6
720575940614614162 5
720575940614630962 6
720575940614654395 3
720575940614659690 3
720575940614719574 6
720575940614738956 4
720575940614742028 1
720575940614819650 2
720575940614867119 1
720575940614930363 2
720575940614952415 4
720575940614968287 7
720575940615054888 7
720575940615066310 4
720575940615086698 7
720575940615109563 7
720575940615126578 1
720575940615160239 7
720575940615171003 2
720575940615255007 3
720575940615263931 2
720575940615267782 4
720575940615305414 4
720575940615314129 1
720575940615389087 3
720575940615453438 2
720575940615474978 4
720575940615480610 6
720575940615503803 7
720575940615607975 7
720575940615631266 2
720575940615647500 4
720575940615655611 2
720575940615750562 4
720575940615775574 4
720575940615780714 4
720575940615799308 7
720575940615877094 4
720575940615879325 4
720575940615888897 3
720575940615918267 1
720575940615918593 4
720575940615942896 4
720575940615951453 2
720575940615953202 4
720575940615960788 7
720575940616032187 4
720575940616042582 4
720575940616070283 2
720575940616071563 1
720575940616085945 4
720575940616102033 7
720575940616131414 3
720575940616133789 6
720575940616150299 4
720575940616195412 3
720575940616200790 3
720575940616214100 4
720575940616265077 6
720575940616271700 1
720575940616293889 3
720575940616342582 3
720575940616370065 3
720575940616411805 4
720575940616420865 2
720575940616423647 7
720575940616434617 7
720575940616483284 1
720575940616483414 3
720575940616536669 6
720575940616561803 7
720575940616562847 6
720575940616563668 6
720575940616621497 4
720575940616657989 4
720575940616762585 4
720575940616766182 10
720575940616776633 7
720575940616801622 3
720575940616828253 4
720575940616829908 3
720575940616840665 4
720575940616885597 4
720575940616905787 3
720575940616909981 4
720575940616977822 4
720575940616998946 4
720575940617018939 2
720575940617024562 2
720575940617048550 2
720575940617095773 4
720575940617100445 2
720575940617130068 7
720575940617251841 2
720575940617272098 1
720575940617280657 2
720575940617281025 2
720575940617296029 2
720575940617296155 4
720575940617330107 2
720575940617425593 6
720575940617434395 1
720575940617448331 6
720575940617493078 1
720575940617496861 6
720575940617508838 6
720575940617551409 2
720575940617559041 7
720575940617562072 6
720575940617616155 4
720575940617629387 3
720575940617630182 4
720575940617648453 3
720575940617678471 3
720575940617690658 4
720575940617716893 2
720575940617720577 2
720575940617767937 7
720575940617787550 4
720575940617792985 1
720575940617817345 2
720575940617839440 3
720575940617844509 4
720575940617853986 4
720575940617868249 4
720575940617871131 7
720575940617888596 7
720575940617913152 4
720575940617924181 4
720575940617938334 1
720575940617955099 3
720575940617974941 7
720575940618029396 6
720575940618056350 4
720575940618107527 4
720575940618154806 7
720575940618160438 4
720575940618170526 7
720575940618176769 7
720575940618216862 1
720575940618220702 6
720575940618229051 2
720575940618249797 4
720575940618263365 4
720575940618364480 3
720575940618380491 7
720575940618395205 2
720575940618428480 7
720575940618463960 4
720575940618489108 4
720575940618528391 2
720575940618543956 7
720575940618562496 1
720575940618563664 3
720575940618571200 6
720575940618589158 6
720575940618635072 2
720575940618636086 1
720575940618675803 7
720575940618694480 1
720575940618699825 2
720575940618770671 2
720575940618773302 4
720575940618804603 6
720575940618855035 7
720575940618855344 4
720575940618857083 1
720575940618906072 4
720575940618907376 2
720575940618929112 7
720575940618958109 3
720575940618978645 4
720575940618984475 1
720575940618995510 2
720575940619029680 2
720575940619038493 2
720575940619047547 5
720575940619129766 4
720575940619146053 6
720575940619169414 6
720575940619176094 2
720575940619204335 4
720575940619215701 8
720575940619230288 2
720575940619238465 4
720575940619245016 4
720575940619249579 7
720575940619299054 4
720575940619315761 7
720575940619321157 4
720575940619369688 1
720575940619382577 7
720575940619403942 2
720575940619419457 6
720575940619436225 4
720575940619452632 2
720575940619464583 4
720575940619471525 7
720575940619485424 4
720575940619517131 3
720575940619536331 1
720575940619564854 4
720575940619583597 2
720575940619595391 3
720575940619610294 4
720575940619637056 4
720575940619647168 6
720575940619651920 3
720575940619689920 2
720575940619705735 4
720575940619759750 4
720575940619760833 7
720575940619770608 3
720575940619773008 1
720575940619775860 3
720575940619798911 6
720575940619821392 7
720575940619828091 2
720575940619828095 2
720575940619838518 4
720575940619841707 4
720575940619859532 2
720575940619869167 7
720575940619896711 4
720575940619899668 1
720575940619928581 4
720575940619940693 1
720575940619960630 1
720575940619969462 7
720575940620001958 7
720575940620012923 4
720575940620038779 2
720575940620041837 4
720575940620091038 2
720575940620096065 4
720575940620205225 7
720575940620205505 4
720575940620212206 7
720575940620242000 2
720575940620245696 4
720575940620248454 4
720575940620258913 6
720575940620290992 4
720575940620321728 2
720575940620356545 2
720575940620368731 2
720575940620373469 2
720575940620394689 4
720575940620431752 11
720575940620435280 2
720575940620464321 4
720575940620474278 2
720575940620520430 6
720575940620527707 2
720575940620533339 4
720575940620534744 7
720575940620561840 2
720575940620572592 12
720575940620625880 7
720575940620640124 4
720575940620642940 2
720575940620654452 7
720575940620658267 1
720575940620678772 2
720575940620695423 4
720575940620705240 2
720575940620716897 7
720575940620736422 3
720575940620740717 1
720575940620744030 2
720575940620746478 2
720575940620790256 4
720575940620802836 6
720575940620812353 4
720575940620814145 7
720575940620832517 3
720575940620833901 3
720575940620868432 4
720575940620889936 2
720575940620904614 3
720575940620933835 7
720575940620994292 3
720575940621007952 3
720575940621008734 4
720575940621031693 4
720575940621057159 3
720575940621057702 2
720575940621112199 7
720575940621123617 4
720575940621138352 4
720575940621164148 3
720575940621164720 3
720575940621171233 6
720575940621201833 2
720575940621213556 4
720575940621226484 2
720575940621257340 7
720575940621260201 4
720575940621277445 4
720575940621339156 3
720575940621349908 4
720575940621373052 4
720575940621421844 3
720575940621432926 4
720575940621435045 7
720575940621457690 3
720575940621510825 7
720575940621526911 4
720575940621541590 4
720575940621588139 2
720575940621613082 2
720575940621613695 4
720575940621638534 2
720575940621643773 4
720575940621656541 3
720575940621656816 7
720575940621662332 1
720575940621664495 2
720575940621665263 2
720575940621667711 4
720575940621719679 1
720575940621720837 7
720575940621765313 1
720575940621766938 2
720575940621785182 4
720575940621801310 7
720575940621895382 3
720575940621903896 3
720575940621904823 6
720575940621952439 4
720575940621968845 4
720575940622000422 7
720575940622044394 7
720575940622089761 7
720575940622095228 7
720575940622102709 4
720575940622125644 6
720575940622151704 7
720575940622172042 4
720575940622185983 7
720575940622195376 4
720575940622205505 6
720575940622219190 2
720575940622263066 2
720575940622263873 2
720575940622309726 2
720575940622329357 1
720575940622334448 2
720575940622366221 7
720575940622400648 7
720575940622403542 1
720575940622424649 4
720575940622425028 5
720575940622446085 4
720575940622446341 4
720575940622461636 7
720575940622473608 7
720575940622476682 4
720575940622489302 3
720575940622497032 4
720575940622509565 3
720575940622513012 7
720575940622539411 4
720575940622601610 2
720575940622621479 6
720575940622629011 4
720575940622667498 7
720575940622669971 2
720575940622674835 6
720575940622675421 2
720575940622679590 1
720575940622701508 6
720575940622713638 4
720575940622730445 7
720575940622761213 4
720575940622771811 7
720575940622775443 7
720575940622783752 6
720575940622790661 6
720575940622791364 2
720575940622791429 4
720575940622809747 6
720575940622828056 4
720575940622841037 4
720575940622869799 7
720575940622892045 1
720575940622897917 2
720575940622906631 7
720575940622943731 4
720575940622962440 7
720575940622971283 4
720575940622971911 1
720575940622973587 3
720575940622979277 2
720575940622981098 13
720575940622998627 2
720575940623001480 3
720575940623002805 7
720575940623004677 4
720575940623067686 4
720575940623075598 7
720575940623096870 2
720575940623119496 7
720575940623120222 4
720575940623122125 2
720575940623125628 2
720575940623131177 7
720575940623139341 1
720575940623164515 6
720575940623164941 2
720575940623191073 4
720575940623191625 1
720575940623202045 7
720575940623213799 7
720575940623217577 4
720575940623231527 3
720575940623276168 2
720575940623282985 3
720575940623302988 2
720575940623305963 6
720575940623370421 7
720575940623387786 7
720575940623396548 7
720575940623426013 2
720575940623432918 1
720575940623443179 2
720575940623451829 7
720575940623562172 7
720575940623579371 7
720575940623591944 2
720575940623613149 4
720575940623672653 2
720575940623687757 3
720575940623693667 1
720575940623697671 3
720575940623732488 7
720575940623758377 8
720575940623817223 2
720575940623837880 7
720575940623840392 1
720575940623844752 13
720575940623847181 3
720575940623862015 2
720575940623905719 3
720575940623909390 3
720575940623932413 6
720575940623943404 2
720575940623943677 7
720575940623953845 7
720575940623961549 7
720575940623982484 2
720575940624023539 1
720575940624037863 1
720575940624049214 4
720575940624075507 6
720575940624079288 3
720575940624100681 3
720575940624106776 6
720575940624112152 4
720575940624130253 2
720575940624154663 2
720575940624156139 7
720575940624167866 2
720575940624176107 4
720575940624197961 2
720575940624199721 7
720575940624200679 3
720575940624206728 4
720575940624209193 7
720575940624215757 6
720575940624273957 4
720575940624274249 2
720575940624280328 4
720575940624283882 4
720575940624294143 3
720575940624295096 4
720575940624297471 4
720575940624307518 4
720575940624310468 3
720575940624331016 7
720575940624334012 2
720575940624344072 7
720575940624347389 7
720575940624364848 3
720575940624377018 7
720575940624383892 4
720575940624394790 2
720575940624402173 1
720575940624420588 4
720575940624437735 4
720575940624456947 4
720575940624508516 4
720575940624534972 2
720575940624543013 6
720575940624544748 3
720575940624555210 2
720575940624585459 4
720575940624606758 6
720575940624636930 4
720575940624676071 2
720575940624678733 7
720575940624695566 4
720575940624710653 2
720575940624743096 3
720575940624745203 4
720575940624789991 3
720575940624798352 3
720575940624799490 4
720575940624803511 3
720575940624824248 3
720575940624860599 4
720575940624860855 3
720575940624882190 3
720575940624890296 2
720575940624911548 3
720575940624920604 1
720575940624983054 1
720575940625000997 4
720575940625003045 7
720575940625019454 6
720575940625021733 7
720575940625031230 4
720575940625044784 2
720575940625051725 3
720575940625053447 3
720575940625067294 4
720575940625069701 7
720575940625078965 2
720575940625084474 3
720575940625093528 4
720575940625106224 7
720575940625118096 2
720575940625137456 6
720575940625147133 3
720575940625179236 3
720575940625203277 7
720575940625216954 4
720575940625218404 7
720575940625240653 3
720575940625263802 7
720575940625264457 14
720575940625273475 6
720575940625323962 4
720575940625375240 3
720575940625408133 1
720575940625424906 2
720575940625453882 2
720575940625455247 4
720575940625470526 3
720575940625485843 4
720575940625489160 2
720575940625500395 7
720575940625510402 4
720575940625523640 3
720575940625559908 4
720575940625606192 6
720575940625614110 4
720575940625643909 4
720575940625649214 4
720575940625690768 7
720575940625712688 7
720575940625713033 4
720575940625726089 3
720575940625728089 3
720575940625730562 6
720575940625732042 7
720575940625736281 7
720575940625751589 1
720575940625764154 4
720575940625777594 3
720575940625781818 1
720575940625788177 2
720575940625794393 4
720575940625810324 4
720575940625813447 6
720575940625846300 3
720575940625855004 7
720575940625871132 2
720575940625886666 4
720575940625897572 6
720575940625907077 12
720575940625922855 3
720575940625925784 3
720575940625926677 4
720575940625935544 4
720575940625954291 4
720575940625976409 6
720575940625990500 3
720575940626027813 7
720575940626042440 7
720575940626050599 4
720575940626051514 2
720575940626088281 4
720575940626089368 6
720575940626111619 4
720575940626112062 2
720575940626113661 2
720575940626117662 3
720575940626145636 6
720575940626146052 3
720575940626160668 4
720575940626187672 3
720575940626203394 2
720575940626211480 4
720575940626232153 1
720575940626289021 2
720575940626313786 13
720575940626319635 4
720575940626337082 1
720575940626363529 4
720575940626463869 4
720575940626495109 7
720575940626500745 3
720575940626507027 4
720575940626523017 6
720575940626524056 4
720575940626544003 7
720575940626599420 4
720575940626650890 4
720575940626674442 2
720575940626705937 4
720575940626727301 2
720575940626742532 3
720575940626750089 4
720575940626768442 4
720575940626784868 2
720575940626793861 4
720575940626806046 2
720575940626813010 4
720575940626839631 4
720575940626843153 3
720575940626867530 3
720575940626879505 3
720575940626887198 2
720575940626902602 4
720575940626907112 3
720575940626913161 3
720575940626933928 4
720575940626951434 7
720575940626953063 3
720575940626972858 4
720575940626984485 2
720575940627047185 3
720575940627081534 7
720575940627082236 7
720575940627087364 4
720575940627104259 4
720575940627113544 7
720575940627153513 4
720575940627168784 3
720575940627247802 2
720575940627253604 2
720575940627257361 3
720575940627259722 4
720575940627259962 3
720575940627266321 2
720575940627279674 2
720575940627281594 2
720575940627309322 3
720575940627327238 3
720575940627357457 1
720575940627357713 2
720575940627367708 7
720575940627384049 3
720575940627388047 2
720575940627388401 3
720575940627389639 4
720575940627417064 2
720575940627421256 4
720575940627426835 1
720575940627427859 2
720575940627447068 2
720575940627447427 1
720575940627447939 2
720575940627463043 1
720575940627463665 4
720575940627472684 6
720575940627478171 3
720575940627490065 3
720575940627535503 6
720575940627543370 3
720575940627544984 4
720575940627555590 6
720575940627563014 6
720575940627569658 4
720575940627572484 4
720575940627596806 7
720575940627599815 7
720575940627600783 6
720575940627617866 4
720575940627631125 3
720575940627634673 1
720575940627661720 7
720575940627680911 4
720575940627696233 4
720575940627736119 6
720575940627757584 1
720575940627790991 2
720575940627801447 7
720575940627841871 4
720575940627849515 4
720575940627871996 3
720575940627892935 7
720575940627903484 6
720575940627907450 7
720575940627946512 2
720575940627962238 7
720575940627999019 4
720575940628001512 3
720575940628017563 7
720575940628074365 3
720575940628082053 2
720575940628093309 2
720575940628096241 6
720575940628104553 7
720575940628118159 4
720575940628126764 1
720575940628136809 4
720575940628137713 1
720575940628173138 3
720575940628208940 4
720575940628210887 7
720575940628239183 4
720575940628245291 1
720575940628248326 6
720575940628291240 2
720575940628319546 2
720575940628327228 4
720575940628334159 7
720575940628340998 2
720575940628342171 3
720575940628347654 4
720575940628348265 2
720575940628360506 7
720575940628375818 2
720575940628376364 4
720575940628382875 2
720575940628401451 4
720575940628445242 7
720575940628449639 4
720575940628455942 3
720575940628494695 2
720575940628510480 3
720575940628526636 1
720575940628530487 4
720575940628531473 1
720575940628572815 7
720575940628577383 7
720575940628627867 2
720575940628716926 4
720575940628717585 7
720575940628723578 4
720575940628725071 4
720575940628733699 1
720575940628757110 6
720575940628782202 7
720575940628791573 4
720575940628799439 2
720575940628805448 2
720575940628814586 7
720575940628847784 7
720575940628862330 7
720575940628883535 2
720575940628901750 4
720575940628912283 7
720575940628928772 4
720575940628931292 3
720575940628940994 4
720575940628948299 1
720575940628949886 3
720575940628967168 4
720575940628970748 2
720575940629005467 4
720575940629038462 4
720575940629043070 4
720575940629047162 4
720575940629066087 6
720575940629067163 4
720575940629090754 1
720575940629095323 4
720575940629112060 4
720575940629139834 4
720575940629144987 3
720575940629188087 4
720575940629199619 4
720575940629225463 4
720575940629229506 4
720575940629232322 7
720575940629242428 3
720575940629259095 7
720575940629298679 3
720575940629330426 2
720575940629331663 4
720575940629342720 6
720575940629351161 2
720575940629355520 4
720575940629378903 3
720575940629383067 2
720575940629392439 3
720575940629403991 3
720575940629413962 6
720575940629427984 1
720575940629430978 1
720575940629432394 3
720575940629439994 7
720575940629446138 7
720575940629450106 3
720575940629470726 4
720575940629488578 3
720575940629498684 2
720575940629502251 2
720575940629508358 3
720575940629510518 4
720575940629522426 7
720575940629531351 3
720575940629536507 4
720575940629538320 6
720575940629539628 2
720575940629547836 3
720575940629547991 2
720575940629560770 2
720575940629603067 7
720575940629607276 4
720575940629620803 7
720575940629698012 3
720575940629701881 2
720575940629730934 1
720575940629750138 2
720575940629763065 4
720575940629764906 3
720575940629789310 6
720575940629791288 3
720575940629805327 2
720575940629811574 3
720575940629822842 2
720575940629835727 1
720575940629846265 4
720575940629846722 2
720575940629852163 7
720575940629860395 4
720575940629896764 7
720575940629897260 4
720575940629901819 7
720575940629908540 4
720575940629909199 4
720575940629914831 6
720575940629925675 4
720575940629951481 1
720575940629963068 4
720575940629964856 4
720575940629995319 3
720575940630003195 7
720575940630006267 1
720575940630012716 10
720575940630026827 7
720575940630034944 4
720575940630052546 4
720575940630075703 7
720575940630092406 3
720575940630118927 7
720575940630143116 7
720575940630151835 4
720575940630155368 4
720575940630171708 3
720575940630186258 7
720575940630202267 4
720575940630234684 2
720575940630244763 4
720575940630269689 1
720575940630311383 2
720575940630321605 4
720575940630324620 4
720575940630346860 2
720575940630355537 2
720575940630357110 3
720575940630362179 6
720575940630374219 7
720575940630384635 7
720575940630387730 1
720575940630402834 7
720575940630438731 1
720575940630460919 2
720575940630506358 4
720575940630539535 4
720575940630571148 7
720575940630575611 6
720575940630610042 2
720575940630622250 4
720575940630629540 2
720575940630644727 1
720575940630652798 2
720575940630660183 3
720575940630666234 4
720575940630669562 1
720575940630692986 2
720575940630703691 4
720575940630720763 2
720575940630761854 3
720575940630799059 1
720575940630812663 7
720575940630826827 2
720575940630831524 4
720575940630882263 4
720575940630901719 1
720575940630910199 2
720575940630930373 2
720575940630969939 2
720575940630981906 1
720575940631004202 5
720575940631022336 2
720575940631051851 6
720575940631058861 4
720575940631064623 2
720575940631069184 7
720575940631071559 4
720575940631091407 2
720575940631103744 7
720575940631126189 2
720575940631142159 4
720575940631142956 4
720575940631151943 1
720575940631188039 4
720575940631222841 4
720575940631235665 6
720575940631275050 1
720575940631277160 1
720575940631301843 2
720575940631305004 7
720575940631311443 4
720575940631319084 2
720575940631319656 4
720575940631320168 7
720575940631322472 3
720575940631347242 1
720575940631365084 7
720575940631428781 1
720575940631457388 7
720575940631458733 3
720575940631466783 4
720575940631499843 2
720575940631510924 7
720575940631511436 4
720575940631527016 2
720575940631595603 1
720575940631603256 4
720575940631608623 4
720575940631631929 4
720575940631639778 4
720575940631641708 3
720575940631651128 4
720575940631656147 4
720575940631667281 1
720575940631673484 4
720575940631683927 4
720575940631708973 2
720575940631711993 6
720575940631716516 6
720575940631719417 4
720575940631742381 4
720575940631745367 4
720575940631746903 7
720575940631847763 4
720575940631851404 7
720575940631853615 3
720575940631854137 4
720575940631912040 3
720575940631940377 2
720575940631989473 6
720575940632042148 2
720575940632046540 2
720575940632048804 3
720575940632059309 2
720575940632126860 2
720575940632133857 3
720575940632153163 2
720575940632171857 7
720575940632192676 3
720575940632237220 2
720575940632259865 4
720575940632260577 3
720575940632316690 2
720575940632353611 3
720575940632372511 4
720575940632373023 2
720575940632378699 7
720575940632397891 7
720575940632407567 4
720575940632464146 7
720575940632525920 7
720575940632547423 6
720575940632575180 7
720575940632589664 4
720575940632615507 6
720575940632672156 3
720575940632689199 2
720575940632695904 7
720575940632731705 7
720575940632749212 4
720575940632777320 2
720575940632791522 2
720575940632847661 2
720575940632879586 2
720575940632898273 3
720575940632900665 2
720575940632936985 7
720575940632943277 3
720575940632993336 7
720575940632998114 1
720575940633007073 3
720575940633021338 4
720575940633030882 2
720575940633062335 3
720575940633094113 4
720575940633094495 4
720575940633157919 2
720575940633279769 4
720575940633290603 7
720575940633292057 3
720575940633336601 2
720575940633356881 4
720575940633519514 4
720575940633529707 2
720575940633558754 1
720575940633573836 2
720575940633597876 6
720575940633616332 3
720575940633705636 2
720575940633741613 4
720575940633744632 7
720575940633763411 7
720575940633786007 7
720575940633803711 1
720575940633813856 1
720575940633850579 6
720575940633893401 2
720575940633900896 2
720575940633901395 2
720575940633903897 2
720575940633982303 4
720575940634003027 3
720575940634017619 6
720575940634081272 4
720575940634086239 6
720575940634095767 1
720575940634103671 2
720575940634109326 5
720575940634111992 7
720575940634113687 7
720575940634139799 2
720575940634168928 4
720575940634274458 4
720575940634327403 1
720575940634356831 4
720575940634400631 6
720575940634412407 6
720575940634414072 2
720575940634464352 4
720575940634489592 4
720575940634498167 3
720575940634525792 2
720575940634575796 4
720575940634605920 14
720575940634666466 3
720575940634666977 1
720575940634776511 7
720575940634796951 7
720575940634835903 2
720575940634866586 7
720575940634962879 4
720575940634989492 2
720575940635022527 7
720575940635102832 12
720575940635120491 4
720575940635202204 2
720575940635210603 2
720575940635404724 7
720575940635515744 3
720575940635527092 3
720575940635565175 3
720575940635583607 4
720575940635606167 3
720575940635630703 4
720575940635703191 3
720575940635789925 12
720575940635802991 7
720575940635887984 7
720575940635890807 4
720575940635938495 3
720575940635943536 2
720575940635953038 2
720575940635978126 3
720575940635984239 7
720575940636080479 4
720575940636099184 6
720575940636111735 1
720575940636119988 2
720575940636124596 2
720575940636137079 1
720575940636263543 3
720575940636311130 4
720575940636334699 6
720575940636343147 2
720575940636344824 2
720575940636348152 7
720575940636351845 3
720575940636390542 7
720575940636459918 4
720575940636489140 7
720575940636491631 4
720575940636494302 7
720575940636521562 2
720575940636521646 7
720575940636574388 2
720575940636609370 4
720575940636648184 4
720575940636659007 7
720575940636735198 4
720575940636821616 7
720575940636844870 2
720575940636861406 2
720575940636938980 3
720575940636970096 4
720575940636985822 4
720575940636992368 3
720575940636997744 4
720575940636999280 2
720575940637002462 4
720575940637002724 3
720575940637030372 2
720575940637079407 4
720575940637091674 4
720575940637120346 3
720575940637126007 2
720575940637197119 7
720575940637200503 7
720575940637229289 6
720575940637285951 4
720575940637293687 4
720575940637314906 7
720575940637317053 7
720575940637335262 1
720575940637354815 4
720575940637424094 7
720575940637444585 7
720575940637550525 4
720575940637555288 6
720575940637558618 4
720575940637564905 4
720575940637656974 2
720575940637658981 3
720575940637688030 2
720575940637711686 2
720575940637731398 7
720575940637731674 4
720575940637732954 7
720575940637749062 4
720575940637824575 2
720575940637826367 7
720575940637878854 7
720575940637967194 4
720575940637983814 4
720575940638021348 6
720575940638095293 2
720575940638136117 1
720575940638155632 4
720575940638168639 1
720575940638201919 2
720575940638285696 4
720575940638336419 2
720575940638505798 4
720575940638616030 7
720575940638638670 3
720575940638660597 6
720575940638699069 1
720575940638744804 1
720575940638763891 5
720575940638996413 3
720575940639007395 3
720575940639030973 7
720575940639092201 2
720575940639106613 3
720575940639160408 3
720575940639160920 6
720575940639170723 2
720575940639171044 7
720575940639242303 2
720575940639292800 3
720575940639293312 3
720575940639369587 7
720575940639428515 4
720575940639434611 7
720575940639465075 7
720575940639504768 4
720575940639638086 2
720575940639642531 6
720575940639725987 4
720575940639751376 7
720575940639781027 2
720575940639826640 4
720575940639926360 7
720575940639944576 4
720575940640049360 6
720575940640145115 2
720575940640150235 4
720575940640178640 2
720575940640204477 2
720575940640205952 7
720575940640316981 4
720575940640324917 1
720575940640331472 2
720575940640356149 9
720575940640443533 1
720575940640460496 1
720575940640536408 2
720575940640645949 3
720575940640757107 4
720575940640757467 3
720575940640791504 6
720575940640819544 3
720575940640891736 4
720575940640935387 3
720575940641062901 7
720575940641122957 4
720575940641148405 2
720575940641149429 7
720575940641254784 2
720575940641286797 6
720575940641386203 7
720575940641447387 4
720575940641450656 2
720575940641546715 4
720575940641557133 4
720575940641592461 7
720575940641681104 4
720575940641685133 2
720575940641690064 7
720575940641780187 3
720575940641953933 3
720575940642049736 7
720575940642151565 3
720575940642489288 4
720575940642617544 2
720575940642653147 4
720575940642687904 4
720575940642773284 3
720575940642926372 2
720575940642968717 4
720575940643008968 7
720575940643041992 3
720575940643103511 4
720575940643191575 3
720575940643266208 4
720575940643323592 4
720575940643361224 7
720575940643463584 7
720575940643921444 4
720575940643996196 3
720575940644176164 3
720575940644327022 3
720575940644406382 6
720575940644446062 1
720575940644474391 3
720575940644528238 2
720575940644613172 3
720575940644620579 4
720575940644639342 2
720575940644651556 2
720575940644713376 7
720575940644751652 2
720575940644753568 2
720575940644899095 3
720575940645223278 4
720575940645304430 7
720575940645538158 2
720575940645610787 7
720575940645673508 3
720575940645676579 7
720575940645771811 3
720575940645803828 4
720575940645847860 4
720575940645869188 4
720575940645931060 2
720575940645972276 2
720575940646074391 2
720575940646160948 6
720575940646237060 4
720575940646407476 4
720575940646415907 4
720575940646436899 3
720575940646518382 2
720575940646609716 4
720575940646735156 4
720575940647079715 1
720575940647272836 4
720575940647836793 7
720575940647945012 2
720575940648397177 7
720575940648606340 4
720575940648680580 4
720575940651229430 4
720575940651434998 2
720575940651442422 2
720575940651928566 2
720575940652202486 1
720575940652436470 4
720575940653035937 6
720575940653093025 1
720575940653480438 2
720575940653624566 6
720575940653943969 4
720575940654676385 6
720575940655011489 7
720575940658554753 4
720575940659170433 3
720575940660052865 4
