720575940602703072 1 1
720575940603201452 2 2
720575940603693158 3 3
720575940603715296 4 4
720575940603751857 3 3
720575940603789228 2 2
720575940603980256 5 1
720575940604033708 4 4
720575940604064958 4 4
720575940604088288 2 2
720575940604418988 2 2
720575940604486880 3 4
720575940604542176 4 4
720575940604786720 4 4
720575940604821950 4 4
720575940604910270 1 5
720575940605043121 3 3
720575940605158065 3 3
720575940605218220 2 2
720575940605226673 4 4
720575940605307936 5 6
720575940605395558 1 5
720575940605420902 5 6
720575940605589378 3 3
720575940605619628 1 5
720575940605639810 1 1
720575940605721801 1 5
720575940605744561 2 1
720575940605960626 3 3
720575940606010057 4 4
720575940606010242 2 2
720575940606047874 2 2
720575940606112940 2 2
720575940606161586 4 4
720575940606264422 2 2
720575940606266726 1 1
720575940606366850 1 1
720575940606433410 5 6
720575940606453769 4 4
720575940606573490 4 4
720575940606694758 4 4
720575940606776585 4 4
720575940606913202 2 2
720575940606973570 5 6
720575940607249365 3 3
720575940607557315 5 6
720575940607562507 4 4
720575940607590236 5 6
720575940607831509 1 5
720575940607874315 4 4
720575940607949781 2 2
720575940607992587 4 4
720575940608042332 2 2
720575940608127666 2 2
720575940608161116 1 5
720575940608216132 4 4
720575940608268636 3 3
720575940608371586 3 3
720575940608400323 4 4
720575940608462684 3 3
720575940608471900 2 2
720575940608529710 1 3
720575940608660489 4 4
720575940608663253 4 4
720575940608810453 4 4
720575940608836291 3 3
720575940608886741 3 3
720575940608908100 4 4
720575940608956373 5 6
720575940609027523 5 6
720575940609088978 1 1
720575940609392738 4 4
720575940609462626 2 2
720575940609643273 1 5
720575940609718990 4 4
720575940609765333 2 2
720575940609768345 4 4
720575940609930616 1 1
720575940610008132 5 6
720575940610290162 5 6
720575940610304610 1 1
720575940610318450 1 5
720575940610354274 1 1
720575940610355042 4 4
720575940610439363 2 2
720575940610469986 4 4
720575940610491694 5 6
720575940610499779 5 4
720575940610537170 5 6
720575940610585753 2 2
720575940610623186 3 4
720575940610634725 4 4
720575940610696654 4 4
720575940610704078 4 4
720575940610831058 5 6
720575940610864338 1 1
720575940610868578 4 4
720575940611024281 4 4
720575940611048154 1 5
720575940611077093 2 2
720575940611108676 2 2
720575940611160755 4 4
720575940611164770 2 2
720575940611176362 4 4
720575940611197658 2 2
720575940611229298 4 4
720575940611352538 5 6
720575940611376346 5 6
720575940611380849 1 5
720575940611400434 2 2
720575940611418574 3 3
720575940611428977 4 4
720575940611439066 2 2
720575940611439473 2 4
720575940611443941 4 4
720575940611477657 3 3
720575940611477683 4 4
720575940611549363 5 6
720575940611555251 2 2
720575940611567918 2 2
720575940611617838 1 5
720575940611698674 5 6
720575940611720165 3 3
720575940611727075 4 4
720575940611811794 4 4
720575940611812050 1 1
720575940611813330 5 6
720575940611813842 2 2
720575940611872149 2 2
720575940611932586 2 2
720575940611967658 3 3
720575940611974354 4 4
720575940612030899 5 6
720575940612044750 5 6
720575940612063602 4 4
720575940612065394 4 4
720575940612083240 4 4
720575940612087922 5 6
720575940612090866 5 6
720575940612111894 1 5
720575940612113635 2 2
720575940612170981 4 4
720575940612240355 1 3
720575940612275298 2 2
720575940612277490 4 4
720575940612279538 5 6
720575940612281586 3 3
720575940612281842 4 4
720575940612291682 4 5
720575940612302042 4 4
720575940612303102 3 3
720575940612337331 2 2
720575940612395178 3 2
720575940612424362 2 2
720575940612456359 1 5
720575940612479850 4 4
720575940612490958 5 6
720575940612536371 4 4
720575940612572131 3 3
720575940612585011 4 4
720575940612624753 2 2
720575940612630434 1 1
720575940612638929 1 1
720575940612667414 2 2
720575940612688242 4 4
720575940612710371 1 5
720575940612712354 1 5
720575940612733235 1 1
720575940612763250 1 1
720575940612772077 4 4
720575940612843542 5 6
720575940612854634 4 4
720575940612876962 4 4
720575940612907154 4 4
720575940612917105 4 4
720575940612920214 4 4
720575940612921571 2 2
720575940613005937 4 4
720575940613038819 5 6
720575940613041375 2 2
720575940613071313 3 3
720575940613113154 3 3
720575940613126618 1 5
720575940613158142 4 4
720575940613163473 4 4
720575940613166515 5 6
720575940613202322 4 4
720575940613235865 2 2
720575940613250991 1 1
720575940613331763 2 4
720575940613412147 3 3
720575940613463471 4 4
720575940613481282 1 5
720575940613518092 3 4
720575940613540350 1 1
720575940613542055 5 1
720575940613588246 2 2
720575940613594783 4 4
720575940613598105 2 2
720575940613635737 2 2
720575940613636674 3 3
720575940613665194 5 4
720575940613676202 4 4
720575940613685162 4 4
720575940613749702 2 2
720575940613809071 4 4
720575940613863731 2 2
720575940613944994 1 1
720575940613981330 2 2
720575940613992657 1 1
720575940614009553 1 1
720575940614010274 5 6
720575940614042822 1 3
720575940614109586 1 6
720575940614153937 2 2
720575940614214883 4 4
720575940614215405 3 3
720575940614305386 3 3
720575940614310050 3 3
720575940614321831 4 4
720575940614358014 1 5
720575940614364578 5 6
720575940614392999 4 4
720575940614441726 2 2
720575940614461014 2 2
720575940614466983 5 6
720575940614485671 3 3
720575940614485927 1 5
720575940614535842 2 2
720575940614546942 2 2
720575940614587615 2 2
720575940614600879 1 5
720575940614614162 5 6
720575940614630962 1 5
720575940614654395 3 3
720575940614659690 3 3
720575940614719574 1 5
720575940614738956 4 4
720575940614742028 1 1
720575940614819650 2 2
720575940614867119 1 1
720575940614930363 2 2
720575940614952415 4 4
720575940614968287 5 6
720575940615054888 5 6
720575940615066310 4 4
720575940615086698 5 6
720575940615109563 5 1
720575940615126578 1 1
720575940615160239 5 4
720575940615171003 2 2
720575940615255007 3 3
720575940615263931 2 2
720575940615267782 4 4
720575940615305414 4 4
720575940615314129 1 1
720575940615389087 3 3
720575940615453438 2 2
720575940615474978 4 4
720575940615480610 1 5
720575940615503803 5 6
720575940615607975 5 6
720575940615631266 2 2
720575940615647500 4 4
720575940615655611 2 2
720575940615750562 4 4
720575940615775574 4 4
720575940615780714 4 4
720575940615799308 5 6
720575940615877094 4 4
720575940615879325 4 4
720575940615888897 3 3
720575940615918267 2 1
720575940615918593 4 4
720575940615942896 4 4
720575940615951453 2 2
720575940615953202 4 4
720575940615960788 5 6
720575940616032187 4 4
720575940616042582 4 4
720575940616070283 2 2
720575940616071563 1 1
720575940616085945 4 4
720575940616102033 5 6
720575940616131414 3 3
720575940616133789 1 5
720575940616150299 4 4
720575940616195412 3 3
720575940616200790 3 3
720575940616214100 4 4
720575940616265077 1 5
720575940616271700 1 1
720575940616293889 3 3
720575940616342582 3 3
720575940616370065 3 3
720575940616411805 4 4
720575940616420865 2 2
720575940616423647 5 6
720575940616434617 5 4
720575940616483284 1 1
720575940616483414 3 3
720575940616536669 1 5
720575940616561803 5 6
720575940616562847 1 5
720575940616563668 1 5
720575940616621497 4 4
720575940616657989 4 4
720575940616762585 4 4
720575940616766182 3 3
720575940616776633 5 6
720575940616801622 3 3
720575940616828253 4 4
720575940616829908 4 4
720575940616840665 4 4
720575940616885597 4 4
720575940616905787 3 3
720575940616909981 4 4
720575940616977822 4 4
720575940616998946 4 4
720575940617018939 2 2
720575940617024562 2 2
720575940617048550 2 2
720575940617095773 4 4
720575940617100445 2 2
720575940617130068 5 6
720575940617251841 2 2
720575940617272098 1 1
720575940617280657 2 2
720575940617281025 2 2
720575940617296029 2 2
720575940617296155 4 4
720575940617330107 5 6
720575940617425593 1 5
720575940617434395 1 1
720575940617448331 1 5
720575940617493078 1 1
720575940617496861 1 5
720575940617508838 5 6
720575940617551409 2 2
720575940617559041 5 6
720575940617562072 1 5
720575940617616155 4 4
720575940617629387 3 3
720575940617630182 4 1
720575940617648453 3 3
720575940617678471 3 3
720575940617690658 4 4
720575940617716893 2 2
720575940617720577 2 2
720575940617767937 5 6
720575940617787550 4 4
720575940617792985 2 1
720575940617817345 2 2
720575940617839440 1 3
720575940617844509 4 4
720575940617853986 4 4
720575940617868249 4 4
720575940617871131 5 6
720575940617888596 5 2
720575940617913152 4 4
720575940617924181 4 4
720575940617938334 1 1
720575940617955099 3 3
720575940617974941 5 6
720575940618029396 1 5
720575940618056350 4 4
720575940618107527 4 2
720575940618154806 5 6
720575940618160438 4 4
720575940618170526 5 6
720575940618176769 5 6
720575940618216862 5 6
720575940618220702 1 5
720575940618229051 2 2
720575940618249797 4 4
720575940618263365 4 4
720575940618364480 3 3
720575940618380491 5 6
720575940618395205 2 2
720575940618428480 5 6
720575940618463960 4 4
720575940618489108 4 4
720575940618528391 2 2
720575940618543956 5 6
720575940618562496 1 1
720575940618563664 3 3
720575940618571200 1 5
720575940618589158 1 5
720575940618635072 2 2
720575940618636086 1 1
720575940618675803 5 6
720575940618694480 1 1
720575940618699825 2 2
720575940618770671 2 2
720575940618773302 4 4
720575940618804603 1 5
720575940618855035 5 6
720575940618855344 4 4
720575940618857083 1 1
720575940618906072 4 4
720575940618907376 2 2
720575940618929112 5 4
720575940618958109 3 3
720575940618978645 4 4
720575940618984475 1 1
720575940618995510 2 2
720575940619029680 2 2
720575940619038493 2 2
720575940619047547 5 1
720575940619129766 4 4
720575940619146053 1 5
720575940619169414 1 5
720575940619176094 2 2
720575940619204335 4 4
720575940619215701 2 2
720575940619230288 2 2
720575940619238465 4 4
720575940619245016 4 4
720575940619249579 5 6
720575940619299054 5 4
720575940619315761 5 6
720575940619321157 4 4
720575940619369688 1 1
720575940619382577 5 6
720575940619403942 2 2
720575940619419457 1 5
720575940619436225 4 4
720575940619452632 2 2
720575940619464583 4 4
720575940619471525 5 6
720575940619485424 4 4
720575940619517131 3 3
720575940619536331 1 1
720575940619564854 4 4
720575940619583597 2 2
720575940619595391 3 3
720575940619610294 4 4
720575940619637056 4 4
720575940619647168 1 5
720575940619651920 3 3
720575940619689920 2 2
720575940619705735 4 4
720575940619759750 4 4
720575940619760833 5 6
720575940619770608 3 3
720575940619773008 1 1
720575940619775860 3 3
720575940619798911 1 5
720575940619821392 5 6
720575940619828091 2 2
720575940619828095 2 2
720575940619838518 4 4
720575940619841707 4 4
720575940619859532 2 2
720575940619869167 5 6
720575940619896711 4 4
720575940619899668 1 1
720575940619928581 4 4
720575940619940693 4 1
720575940619960630 4 1
720575940619969462 5 6
720575940620001958 5 4
720575940620012923 4 4
720575940620038779 2 2
720575940620041837 4 4
720575940620091038 2 2
720575940620096065 4 4
720575940620205225 5 6
720575940620205505 4 4
720575940620212206 5 6
720575940620242000 2 2
720575940620245696 4 4
720575940620248454 4 4
720575940620258913 1 5
720575940620290992 4 4
720575940620321728 2 2
720575940620356545 2 2
720575940620368731 2 2
720575940620373469 2 2
720575940620394689 4 4
720575940620431752 3 2
720575940620435280 2 2
720575940620464321 4 4
720575940620474278 2 2
720575940620520430 1 5
720575940620527707 2 2
720575940620533339 4 4
720575940620534744 5 6
720575940620561840 2 2
720575940620572592 4 5
720575940620625880 5 6
720575940620640124 4 4
720575940620642940 2 2
720575940620654452 5 6
720575940620658267 1 1
720575940620678772 2 2
720575940620695423 4 4
720575940620705240 2 2
720575940620716897 5 6
720575940620736422 3 3
720575940620740717 1 1
720575940620744030 2 2
720575940620746478 2 2
720575940620790256 4 4
720575940620802836 1 5
720575940620812353 4 4
720575940620814145 5 6
720575940620832517 3 3
720575940620833901 3 3
720575940620868432 4 4
720575940620889936 2 2
720575940620904614 3 3
720575940620933835 5 6
720575940620994292 3 3
720575940621007952 3 3
720575940621008734 4 1
720575940621031693 4 4
720575940621057159 3 3
720575940621057702 2 2
720575940621112199 5 6
720575940621123617 4 4
720575940621138352 4 4
720575940621164148 3 3
720575940621164720 3 3
720575940621171233 1 5
720575940621201833 2 2
720575940621213556 4 4
720575940621226484 2 2
720575940621257340 5 6
720575940621260201 4 4
720575940621277445 4 4
720575940621339156 3 3
720575940621349908 4 4
720575940621373052 4 4
720575940621421844 3 3
720575940621432926 4 4
720575940621435045 5 6
720575940621457690 3 3
720575940621510825 5 6
720575940621526911 4 4
720575940621541590 4 4
720575940621588139 2 2
720575940621613082 2 2
720575940621613695 4 4
720575940621638534 2 2
720575940621643773 4 4
720575940621656541 3 3
720575940621656816 5 6
720575940621662332 1 1
720575940621664495 2 2
720575940621665263 2 2
720575940621667711 4 4
720575940621719679 1 1
720575940621720837 5 6
720575940621765313 1 1
720575940621766938 2 2
720575940621785182 4 4
720575940621801310 5 6
720575940621895382 3 3
720575940621903896 3 3
720575940621904823 1 5
720575940621952439 4 4
720575940621968845 4 4
720575940622000422 5 6
720575940622044394 5 6
720575940622089761 5 6
720575940622095228 5 6
720575940622102709 4 4
720575940622125644 1 5
720575940622151704 5 6
720575940622172042 4 4
720575940622185983 5 6
720575940622195376 4 4
720575940622205505 1 5
720575940622219190 2 2
720575940622263066 2 2
720575940622263873 2 2
720575940622309726 2 2
720575940622329357 1 5
720575940622334448 2 2
720575940622366221 5 6
720575940622400648 5 6
720575940622403542 1 1
720575940622424649 4 4
720575940622425028 1 1
720575940622446085 4 4
720575940622446341 4 4
720575940622461636 5 6
720575940622473608 5 6
720575940622476682 4 4
720575940622489302 3 3
720575940622497032 4 4
720575940622509565 3 3
720575940622513012 5 6
720575940622539411 4 4
720575940622601610 2 2
720575940622621479 1 5
720575940622629011 4 4
720575940622667498 5 6
720575940622669971 2 2
720575940622674835 1 5
720575940622675421 2 2
720575940622679590 1 1
720575940622701508 1 5
720575940622713638 4 4
720575940622730445 5 6
720575940622761213 4 4
720575940622771811 5 6
720575940622775443 5 6
720575940622783752 1 5
720575940622790661 1 5
720575940622791364 2 2
720575940622791429 5 4
720575940622809747 1 5
720575940622828056 4 4
720575940622841037 4 4
720575940622869799 5 6
720575940622892045 1 1
720575940622897917 2 2
720575940622906631 5 6
720575940622943731 4 4
720575940622962440 5 6
720575940622971283 4 4
720575940622971911 1 1
720575940622973587 3 3
720575940622979277 2 2
720575940622981098 2 2
720575940622998627 2 2
720575940623001480 3 3
720575940623002805 5 6
720575940623004677 4 4
720575940623067686 3 4
720575940623075598 5 6
720575940623096870 2 2
720575940623119496 5 6
720575940623120222 4 4
720575940623122125 2 2
720575940623125628 2 2
720575940623131177 5 6
720575940623139341 1 1
720575940623164515 1 5
720575940623164941 2 2
720575940623191073 3 3
720575940623191625 1 1
720575940623202045 5 6
720575940623213799 5 6
720575940623217577 4 4
720575940623231527 3 3
720575940623276168 2 2
720575940623282985 3 3
720575940623302988 1 6
720575940623305963 1 5
720575940623370421 5 6
720575940623387786 5 6
720575940623396548 5 6
720575940623426013 2 2
720575940623432918 1 1
720575940623443179 2 2
720575940623451829 5 6
720575940623562172 5 6
720575940623579371 3 6
720575940623591944 2 2
720575940623613149 4 4
720575940623672653 2 2
720575940623687757 3 3
720575940623693667 1 1
720575940623697671 3 3
720575940623732488 5 6
720575940623758377 2 2
720575940623817223 2 2
720575940623837880 5 6
720575940623840392 1 5
720575940623844752 2 2
720575940623847181 3 3
720575940623862015 2 2
720575940623905719 3 3
720575940623909390 3 3
720575940623932413 1 5
720575940623943404 2 2
720575940623943677 5 6
720575940623953845 5 6
720575940623961549 5 6
720575940623982484 2 2
720575940624023539 1 1
720575940624037863 1 1
720575940624049214 4 4
720575940624075507 1 5
720575940624079288 3 3
720575940624100681 3 3
720575940624106776 1 5
720575940624112152 4 4
720575940624130253 2 2
720575940624154663 2 2
720575940624156139 5 6
720575940624167866 2 2
720575940624176107 4 4
720575940624197961 2 2
720575940624199721 5 6
720575940624200679 3 3
720575940624206728 4 4
720575940624209193 5 6
720575940624215757 5 5
720575940624273957 4 4
720575940624274249 2 2
720575940624280328 4 4
720575940624283882 4 4
720575940624294143 3 3
720575940624295096 4 4
720575940624297471 4 4
720575940624307518 4 4
720575940624310468 3 3
720575940624331016 5 6
720575940624334012 2 2
720575940624344072 5 6
720575940624347389 5 6
720575940624364848 3 3
720575940624377018 5 6
720575940624383892 4 4
720575940624394790 2 2
720575940624402173 1 1
720575940624420588 4 4
720575940624437735 4 4
720575940624456947 4 4
720575940624508516 4 4
720575940624534972 2 2
720575940624543013 1 5
720575940624544748 3 3
720575940624555210 2 2
720575940624585459 4 4
720575940624606758 1 5
720575940624636930 4 4
720575940624676071 2 2
720575940624678733 5 6
720575940624695566 4 4
720575940624710653 2 2
720575940624743096 3 3
720575940624745203 4 4
720575940624789991 3 3
720575940624798352 3 3
720575940624799490 4 4
720575940624803511 3 3
720575940624824248 1 3
720575940624860599 4 4
720575940624860855 3 3
720575940624882190 3 3
720575940624890296 2 2
720575940624911548 3 3
720575940624920604 2 2
720575940624983054 1 1
720575940625000997 4 4
720575940625003045 5 6
720575940625019454 1 5
720575940625021733 5 6
720575940625031230 4 4
720575940625044784 2 2
720575940625051725 3 3
720575940625053447 3 3
720575940625067294 4 4
720575940625069701 3 3
720575940625078965 2 2
720575940625084474 3 3
720575940625093528 4 4
720575940625106224 5 6
720575940625118096 2 2
720575940625137456 1 5
720575940625147133 3 3
720575940625179236 3 3
720575940625203277 5 6
720575940625216954 4 4
720575940625218404 5 6
720575940625240653 3 3
720575940625263802 5 6
720575940625264457 4 7
720575940625273475 1 5
720575940625323962 4 4
720575940625375240 3 3
720575940625408133 1 1
720575940625424906 2 2
720575940625453882 2 2
720575940625455247 4 4
720575940625470526 3 3
720575940625485843 4 4
720575940625489160 2 2
720575940625500395 5 6
720575940625510402 4 4
720575940625523640 3 3
720575940625559908 4 4
720575940625606192 1 5
720575940625614110 4 4
720575940625643909 4 4
720575940625649214 4 4
720575940625690768 5 6
720575940625712688 5 6
720575940625713033 4 4
720575940625726089 3 3
720575940625728089 3 3
720575940625730562 1 5
720575940625732042 5 6
720575940625736281 5 6
720575940625751589 1 1
720575940625764154 4 4
720575940625777594 3 3
720575940625781818 1 1
720575940625788177 2 2
720575940625794393 4 1
720575940625810324 4 4
720575940625813447 1 5
720575940625846300 3 3
720575940625855004 5 6
720575940625871132 2 2
720575940625886666 4 4
720575940625897572 1 5
720575940625907077 4 4
720575940625922855 3 3
720575940625925784 3 3
720575940625926677 4 4
720575940625935544 4 4
720575940625954291 4 4
720575940625976409 1 5
720575940625990500 3 3
720575940626027813 5 6
720575940626042440 5 6
720575940626050599 3 4
720575940626051514 5 6
720575940626088281 4 4
720575940626089368 1 5
720575940626111619 4 4
720575940626112062 2 2
720575940626113661 2 2
720575940626117662 3 3
720575940626145636 1 5
720575940626146052 3 3
720575940626160668 4 4
720575940626187672 3 3
720575940626203394 2 2
720575940626211480 4 4
720575940626232153 1 1
720575940626289021 2 2
720575940626313786 2 2
720575940626319635 5 4
720575940626337082 1 1
720575940626363529 4 4
720575940626463869 4 4
720575940626495109 5 6
720575940626500745 3 3
720575940626507027 3 4
720575940626523017 1 5
720575940626524056 4 4
720575940626544003 5 6
720575940626599420 3 4
720575940626650890 4 4
720575940626674442 2 2
720575940626705937 4 4
720575940626727301 2 2
720575940626742532 3 3
720575940626750089 4 4
720575940626768442 4 4
720575940626784868 2 2
720575940626793861 4 4
720575940626806046 2 2
720575940626813010 4 4
720575940626839631 4 4
720575940626843153 3 3
720575940626867530 3 3
720575940626879505 3 3
720575940626887198 2 2
720575940626902602 4 4
720575940626907112 4 4
720575940626913161 3 3
720575940626933928 4 4
720575940626951434 5 6
720575940626953063 3 3
720575940626972858 4 4
720575940626984485 2 2
720575940627047185 3 3
720575940627081534 5 6
720575940627082236 5 6
720575940627087364 4 4
720575940627104259 4 4
720575940627113544 5 6
720575940627153513 4 4
720575940627168784 3 3
720575940627247802 2 2
720575940627253604 2 2
720575940627257361 3 3
720575940627259722 4 4
720575940627259962 3 3
720575940627266321 2 2
720575940627279674 2 2
720575940627281594 2 2
720575940627309322 3 3
720575940627327238 3 3
720575940627357457 1 1
720575940627357713 2 2
720575940627367708 5 6
720575940627384049 3 3
720575940627388047 2 2
720575940627388401 3 3
720575940627389639 4 4
720575940627417064 2 2
720575940627421256 4 4
720575940627426835 5 6
720575940627427859 2 2
720575940627447068 2 2
720575940627447427 1 1
720575940627447939 2 2
720575940627463043 1 3
720575940627463665 5 4
720575940627472684 1 5
720575940627478171 3 3
720575940627490065 3 3
720575940627535503 1 5
720575940627543370 3 3
720575940627544984 4 4
720575940627555590 1 5
720575940627563014 1 5
720575940627569658 4 4
720575940627572484 4 4
720575940627596806 5 6
720575940627599815 5 6
720575940627600783 1 5
720575940627617866 4 4
720575940627631125 3 3
720575940627634673 1 1
720575940627661720 5 6
720575940627680911 4 4
720575940627696233 4 4
720575940627736119 1 5
720575940627757584 1 1
720575940627790991 2 2
720575940627801447 5 6
720575940627841871 4 4
720575940627849515 4 4
720575940627871996 3 3
720575940627892935 5 6
720575940627903484 1 5
720575940627907450 5 6
720575940627946512 2 2
720575940627962238 5 6
720575940627999019 4 4
720575940628001512 3 3
720575940628017563 5 6
720575940628074365 3 3
720575940628082053 2 2
720575940628093309 4 2
720575940628096241 1 5
720575940628104553 5 6
720575940628118159 4 4
720575940628126764 1 1
720575940628136809 4 4
720575940628137713 2 1
720575940628173138 3 3
720575940628208940 4 4
720575940628210887 5 6
720575940628239183 4 4
720575940628245291 1 1
720575940628248326 1 5
720575940628291240 2 2
720575940628319546 2 2
720575940628327228 4 4
720575940628334159 5 6
720575940628340998 2 2
720575940628342171 3 3
720575940628347654 4 4
720575940628348265 2 2
720575940628360506 5 6
720575940628375818 2 2
720575940628376364 4 4
720575940628382875 2 2
720575940628401451 4 4
720575940628445242 5 6
720575940628449639 4 4
720575940628455942 3 3
720575940628494695 2 2
720575940628510480 3 3
720575940628526636 1 1
720575940628530487 4 4
720575940628531473 1 1
720575940628572815 5 6
720575940628577383 5 6
720575940628627867 2 2
720575940628716926 4 4
720575940628717585 5 6
720575940628723578 4 4
720575940628725071 4 4
720575940628733699 3 1
720575940628757110 1 5
720575940628782202 5 6
720575940628791573 4 4
720575940628799439 2 2
720575940628805448 2 2
720575940628814586 5 4
720575940628847784 5 6
720575940628862330 5 4
720575940628883535 2 2
720575940628901750 4 4
720575940628912283 5 6
720575940628928772 4 4
720575940628931292 3 3
720575940628940994 4 4
720575940628948299 1 1
720575940628949886 3 3
720575940628967168 4 4
720575940628970748 2 2
720575940629005467 4 4
720575940629038462 4 4
720575940629043070 4 4
720575940629047162 4 4
720575940629066087 1 5
720575940629067163 4 4
720575940629090754 1 1
720575940629095323 4 4
720575940629112060 4 4
720575940629139834 4 4
720575940629144987 3 3
720575940629188087 4 1
720575940629199619 4 4
720575940629225463 4 4
720575940629229506 4 4
720575940629232322 4 4
720575940629242428 3 3
720575940629259095 5 6
720575940629298679 3 3
720575940629330426 2 2
720575940629331663 4 4
720575940629342720 1 5
720575940629351161 2 2
720575940629355520 4 4
720575940629378903 3 3
720575940629383067 2 2
720575940629392439 3 3
720575940629403991 1 5
720575940629413962 1 5
720575940629427984 1 5
720575940629430978 1 1
720575940629432394 3 3
720575940629439994 5 4
720575940629446138 5 4
720575940629450106 3 3
720575940629470726 4 4
720575940629488578 3 3
720575940629498684 2 2
720575940629502251 2 2
720575940629508358 3 3
720575940629510518 4 4
720575940629522426 5 6
720575940629531351 3 3
720575940629536507 4 4
720575940629538320 1 5
720575940629539628 2 2
720575940629547836 3 3
720575940629547991 2 2
720575940629560770 2 2
720575940629603067 5 6
720575940629607276 4 4
720575940629620803 5 6
720575940629698012 3 3
720575940629701881 2 2
720575940629730934 1 1
720575940629750138 2 2
720575940629763065 4 4
720575940629764906 3 3
720575940629789310 1 5
720575940629791288 3 3
720575940629805327 2 2
720575940629811574 3 3
720575940629822842 2 2
720575940629835727 1 1
720575940629846265 4 4
720575940629846722 2 1
720575940629852163 5 1
720575940629860395 4 4
720575940629896764 5 6
720575940629897260 4 4
720575940629901819 5 6
720575940629908540 4 4
720575940629909199 4 4
720575940629914831 1 5
720575940629925675 4 4
720575940629951481 5 6
720575940629963068 4 4
720575940629964856 4 4
720575940629995319 3 3
720575940630003195 5 6
720575940630006267 1 1
720575940630012716 3 3
720575940630026827 5 6
720575940630034944 4 4
720575940630052546 4 4
720575940630075703 5 6
720575940630092406 3 3
720575940630118927 5 4
720575940630143116 5 2
720575940630151835 4 4
720575940630155368 4 4
720575940630171708 3 3
720575940630186258 5 6
720575940630202267 4 4
720575940630234684 2 2
720575940630244763 4 4
720575940630269689 1 1
720575940630311383 2 2
720575940630321605 4 4
720575940630324620 4 4
720575940630346860 2 2
720575940630355537 2 2
720575940630357110 3 3
720575940630362179 1 5
720575940630374219 5 6
720575940630384635 5 6
720575940630387730 1 1
720575940630402834 5 6
720575940630438731 4 1
720575940630460919 2 2
720575940630506358 4 4
720575940630539535 4 4
720575940630571148 5 6
720575940630575611 1 5
720575940630610042 2 2
720575940630622250 4 4
720575940630629540 2 2
720575940630644727 1 1
720575940630652798 2 2
720575940630660183 3 3
720575940630666234 4 4
720575940630669562 1 1
720575940630692986 2 2
720575940630703691 4 4
720575940630720763 2 2
720575940630761854 3 3
720575940630799059 1 1
720575940630812663 5 6
720575940630826827 2 2
720575940630831524 4 4
720575940630882263 4 4
720575940630901719 1 1
720575940630910199 2 2
720575940630930373 2 2
720575940630969939 2 2
720575940630981906 1 1
720575940631004202 5 1
720575940631022336 2 2
720575940631051851 1 5
720575940631058861 4 4
720575940631064623 2 2
720575940631069184 5 6
720575940631071559 4 4
720575940631091407 2 2
720575940631103744 5 6
720575940631126189 2 2
720575940631142159 4 4
720575940631142956 4 4
720575940631151943 1 5
720575940631188039 4 4
720575940631222841 4 4
720575940631235665 1 5
720575940631275050 1 1
720575940631277160 1 1
720575940631301843 2 2
720575940631305004 5 6
720575940631311443 4 4
720575940631319084 2 2
720575940631319656 4 4
720575940631320168 5 6
720575940631322472 3 3
720575940631347242 5 1
720575940631365084 5 6
720575940631428781 1 1
720575940631457388 5 6
720575940631458733 3 3
720575940631466783 4 4
720575940631499843 2 2
720575940631510924 5 6
720575940631511436 4 4
720575940631527016 2 2
720575940631595603 1 1
720575940631603256 4 4
720575940631608623 4 4
720575940631631929 4 4
720575940631639778 4 4
720575940631641708 3 3
720575940631651128 4 4
720575940631656147 4 4
720575940631667281 1 1
720575940631673484 4 4
720575940631683927 4 4
720575940631708973 2 2
720575940631711993 1 5
720575940631716516 1 5
720575940631719417 4 4
720575940631742381 4 4
720575940631745367 4 4
720575940631746903 5 2
720575940631847763 4 4
720575940631851404 5 6
720575940631853615 3 3
720575940631854137 4 4
720575940631912040 3 3
720575940631940377 2 2
720575940631989473 1 5
720575940632042148 2 2
720575940632046540 1 2
720575940632048804 3 3
720575940632059309 2 2
720575940632126860 2 2
720575940632133857 3 3
720575940632153163 2 2
720575940632171857 5 6
720575940632192676 3 3
720575940632237220 2 2
720575940632259865 4 4
720575940632260577 3 3
720575940632316690 2 2
720575940632353611 3 3
720575940632372511 4 4
720575940632373023 2 2
720575940632378699 5 6
720575940632397891 5 6
720575940632407567 4 4
720575940632464146 5 6
720575940632525920 5 6
720575940632547423 1 5
720575940632575180 5 6
720575940632589664 4 4
720575940632615507 1 5
720575940632672156 3 3
720575940632689199 2 2
720575940632695904 5 6
720575940632731705 5 6
720575940632749212 4 4
720575940632777320 2 2
720575940632791522 2 2
720575940632847661 2 2
720575940632879586 2 2
720575940632898273 3 3
720575940632900665 2 2
720575940632936985 5 6
720575940632943277 3 3
720575940632993336 5 6
720575940632998114 1 1
720575940633007073 3 3
720575940633021338 4 4
720575940633030882 2 2
720575940633062335 3 3
720575940633094113 4 4
720575940633094495 4 4
720575940633157919 2 2
720575940633279769 4 4
720575940633290603 5 6
720575940633292057 3 3
720575940633336601 2 2
720575940633356881 4 4
720575940633519514 4 4
720575940633529707 2 2
720575940633558754 1 1
720575940633573836 2 2
720575940633597876 1 5
720575940633616332 3 3
720575940633705636 2 2
720575940633741613 4 4
720575940633744632 5 6
720575940633763411 5 6
720575940633786007 5 4
720575940633803711 1 1
720575940633813856 5 6
720575940633850579 1 5
720575940633893401 2 2
720575940633900896 2 2
720575940633901395 2 2
720575940633903897 2 2
720575940633982303 4 4
720575940634003027 3 3
720575940634017619 1 5
720575940634081272 4 4
720575940634086239 1 5
720575940634095767 1 1
720575940634103671 2 2
720575940634109326 3 2
720575940634111992 5 4
720575940634113687 5 4
720575940634139799 2 2
720575940634168928 4 4
720575940634274458 4 4
720575940634327403 1 1
720575940634356831 4 4
720575940634400631 1 5
720575940634412407 1 5
720575940634414072 2 2
720575940634464352 4 4
720575940634489592 4 4
720575940634498167 3 3
720575940634525792 2 2
720575940634575796 4 4
720575940634605920 4 7
720575940634666466 3 3
720575940634666977 3 3
720575940634776511 5 6
720575940634796951 5 6
720575940634835903 4 1
720575940634866586 5 6
720575940634962879 4 4
720575940634989492 2 2
720575940635022527 5 6
720575940635102832 4 4
720575940635120491 4 4
720575940635202204 2 2
720575940635210603 2 2
720575940635404724 5 6
720575940635515744 3 3
720575940635527092 3 3
720575940635565175 3 3
720575940635583607 4 4
720575940635606167 3 3
720575940635630703 4 4
720575940635703191 3 3
720575940635789925 4 4
720575940635802991 5 6
720575940635887984 5 6
720575940635890807 4 4
720575940635938495 3 3
720575940635943536 2 1
720575940635953038 2 2
720575940635978126 3 3
720575940635984239 5 6
720575940636080479 4 4
720575940636099184 1 5
720575940636111735 1 1
720575940636119988 2 2
720575940636124596 2 2
720575940636137079 1 5
720575940636263543 3 3
720575940636311130 4 4
720575940636334699 1 5
720575940636343147 2 2
720575940636344824 2 2
720575940636348152 5 2
720575940636351845 3 3
720575940636390542 5 6
720575940636459918 4 4
720575940636489140 5 6
720575940636491631 4 4
720575940636494302 5 6
720575940636521562 2 2
720575940636521646 5 6
720575940636574388 2 2
720575940636609370 4 4
720575940636648184 4 4
720575940636659007 5 6
720575940636735198 4 4
720575940636821616 5 2
720575940636844870 2 2
720575940636861406 2 2
720575940636938980 3 3
720575940636970096 4 4
720575940636985822 4 4
720575940636992368 3 3
720575940636997744 4 4
720575940636999280 2 2
720575940637002462 4 4
720575940637002724 3 3
720575940637030372 2 2
720575940637079407 4 4
720575940637091674 4 4
720575940637120346 3 3
720575940637126007 2 2
720575940637197119 5 4
720575940637200503 5 6
720575940637229289 1 5
720575940637285951 4 4
720575940637293687 4 4
720575940637314906 5 6
720575940637317053 4 4
720575940637335262 1 1
720575940637354815 4 4
720575940637424094 5 6
720575940637444585 5 6
720575940637550525 4 4
720575940637555288 1 5
720575940637558618 4 4
720575940637564905 4 4
720575940637656974 2 2
720575940637658981 3 3
720575940637688030 2 2
720575940637711686 2 2
720575940637731398 5 6
720575940637731674 4 1
720575940637732954 5 6
720575940637749062 4 4
720575940637824575 2 2
720575940637826367 5 6
720575940637878854 5 6
720575940637967194 4 4
720575940637983814 4 4
720575940638021348 1 5
720575940638095293 2 2
720575940638136117 1 1
720575940638155632 4 4
720575940638168639 1 1
720575940638201919 2 2
720575940638285696 4 4
720575940638336419 2 2
720575940638505798 4 4
720575940638616030 5 4
720575940638638670 3 3
720575940638660597 1 5
720575940638699069 1 3
720575940638744804 1 1
720575940638763891 1 1
720575940638996413 3 3
720575940639007395 3 3
720575940639030973 5 2
720575940639092201 2 2
720575940639106613 3 3
720575940639160408 3 3
720575940639160920 1 5
720575940639170723 2 2
720575940639171044 5 6
720575940639242303 2 2
720575940639292800 3 3
720575940639293312 3 3
720575940639369587 5 6
720575940639428515 5 4
720575940639434611 5 6
720575940639465075 5 6
720575940639504768 4 4
720575940639638086 2 2
720575940639642531 1 5
720575940639725987 4 4
720575940639751376 5 6
720575940639781027 2 2
720575940639826640 4 4
720575940639926360 5 6
720575940639944576 4 4
720575940640049360 1 5
720575940640145115 2 2
720575940640150235 4 4
720575940640178640 2 2
720575940640204477 2 2
720575940640205952 5 6
720575940640316981 4 4
720575940640324917 1 1
720575940640331472 2 2
720575940640356149 4 4
720575940640443533 1 1
720575940640460496 1 1
720575940640536408 2 2
720575940640645949 3 3
720575940640757107 4 4
720575940640757467 3 3
720575940640791504 1 5
720575940640819544 3 3
720575940640891736 4 4
720575940640935387 3 3
720575940641062901 5 6
720575940641122957 4 4
720575940641148405 2 2
720575940641149429 5 6
720575940641254784 2 2
720575940641286797 1 5
720575940641386203 5 6
720575940641447387 4 4
720575940641450656 2 2
720575940641546715 4 4
720575940641557133 4 4
720575940641592461 5 6
720575940641681104 4 4
720575940641685133 2 2
720575940641690064 5 6
720575940641780187 3 3
720575940641953933 3 3
720575940642049736 5 6
720575940642151565 3 3
720575940642489288 4 4
720575940642617544 2 2
720575940642653147 4 4
720575940642687904 4 4
720575940642773284 3 3
720575940642926372 2 2
720575940642968717 4 4
720575940643008968 5 6
720575940643041992 3 3
720575940643103511 4 4
720575940643191575 3 3
720575940643266208 4 4
720575940643323592 4 4
720575940643361224 5 6
720575940643463584 5 6
720575940643921444 4 4
720575940643996196 3 3
720575940644176164 3 3
720575940644327022 3 3
720575940644406382 1 5
720575940644446062 1 1
720575940644474391 3 3
720575940644528238 2 2
720575940644613172 3 3
720575940644620579 4 4
720575940644639342 2 2
720575940644651556 2 2
720575940644713376 5 6
720575940644751652 2 2
720575940644753568 2 2
720575940644899095 3 3
720575940645223278 4 4
720575940645304430 5 6
720575940645538158 2 2
720575940645610787 5 6
720575940645673508 3 3
720575940645676579 5 4
720575940645771811 3 3
720575940645803828 4 4
720575940645847860 4 4
720575940645869188 4 4
720575940645931060 2 2
720575940645972276 2 2
720575940646074391 2 2
720575940646160948 1 6
720575940646237060 4 4
720575940646407476 4 4
720575940646415907 4 4
720575940646436899 3 3
720575940646518382 2 2
720575940646609716 4 4
720575940646735156 4 4
720575940647079715 1 1
720575940647272836 4 4
720575940647836793 5 6
720575940647945012 2 2
720575940648397177 5 6
720575940648606340 4 4
720575940648680580 4 4
720575940651229430 4 4
720575940651434998 2 2
720575940651442422 2 2
720575940651928566 2 2
720575940652202486 1 5
720575940652436470 4 4
720575940653035937 1 5
720575940653093025 1 1
720575940653480438 2 2
720575940653624566 1 5
720575940653943969 4 4
720575940654676385 1 5
720575940655011489 5 6
720575940658554753 4 4
720575940659170433 3 3
720575940660052865 4 4
