bodyid,0.05,0.1,0.25,0.5
1003215282,1,1,1,1
1005952640,2,2,2,2
1006928515,3,3,3,2
1007260806,4,4,4,3
1008024276,5,5,5,4
1008102479,6,6,1,1
1008369339,5,5,5,4
1008391068,5,5,5,4
1008693605,5,5,5,4
1008966615,3,3,3,2
1008970563,4,4,4,3
1009371535,5,5,5,4
1009578838,5,5,6,5
1010044978,5,5,6,6
1010235132,2,2,7,7
1010437434,5,5,5,4
1011970102,3,7,8,8
1013040388,7,8,9,9
1013066710,7,8,10,10
1013416147,7,8,10,11
1013757060,5,5,11,12
1013779115,5,5,11,12
1014102651,5,5,5,4
1014223948,5,5,5,4
1014457195,5,5,5,4
1014461486,5,5,5,4
1014465452,5,5,5,4
1014465588,5,5,5,4
1014465666,5,5,5,4
1014474192,5,5,5,4
1014802430,2,2,12,13
1015143077,7,8,10,10
1015458774,2,2,13,14
1015479949,8,5,5,15
1017547830,7,8,10,16
1020608279,7,8,10,11
1035393986,5,5,5,4
1036257907,3,3,14,17
1036503560,2,2,13,13
1036637830,7,8,15,18
1036646944,7,8,10,19
1036987921,3,7,2,20
1037612992,4,4,4,3
1039063931,5,5,5,4
1039068185,5,5,5,4
1039085109,5,5,5,4
1039400642,5,5,5,4
1039426238,5,5,5,4
1039685005,1,1,1,1
1039754434,5,5,5,4
1041071176,5,5,5,4
1041075688,5,5,6,6
1041666949,7,8,10,11
1042116109,5,5,6,6
1042366365,1,9,1,21
1042724993,7,8,1,22
1044800536,5,5,5,4
1044805646,5,5,5,4
1044918145,5,5,5,4
1045141938,5,5,5,4
1045268099,5,5,5,4
1048250312,7,8,16,23
1048289014,1,9,17,24
1048975307,5,5,5,25
1049247113,7,8,10,26
1049261193,7,8,10,11
1049946735,7,8,10,11
1050249353,7,8,17,27
1050581215,7,8,10,11
1050922195,3,7,8,28
1050935614,7,8,10,11
1051980223,7,8,10,26
1065284812,2,2,1,29
1066516552,5,5,11,12
1068436695,2,2,18,30
1068777508,2,2,12,31
1069002537,2,2,12,32
1070103072,5,5,5,33
1070103331,5,5,5,4
1070141508,2,2,19,34
1070422316,5,5,5,4
1070651567,7,8,10,26
1071121755,5,5,5,4
1071496918,5,5,5,4
1071760480,5,5,5,4
1071769518,5,5,5,4
1072063538,1,9,20,35
1072455791,5,5,5,36
1072503099,5,5,11,12
1072507501,5,5,5,4
1072533980,5,5,6,6
1072779298,5,5,5,4
1072779568,5,5,6,6
1072874511,5,5,6,6
1073069488,3,10,9,37
1073314797,3,7,7,7
1075598224,5,5,5,4
1075611602,5,5,5,4
1076173414,3,7,8,28
1076185604,5,5,5,4
1076198559,5,5,11,12
1081957306,2,2,12,32
1099043553,2,2,12,32
1099389583,3,7,8,38
1100085251,3,3,3,2
1100801188,5,5,5,25
1101142083,5,5,11,12
1101474458,7,8,10,11
1102191395,5,5,5,39
1102795781,5,5,6,6
1102804327,5,5,5,4
1104155212,5,5,5,4
1104790425,8,11,21,40
1106888382,5,5,5,4
1106944058,9,12,22,41
1107561814,2,2,12,42
1107566171,5,5,11,12
1107566252,5,5,11,12
1111757266,8,13,23,43
1112443807,7,8,10,11
1130783454,2,2,19,34
1132168616,5,5,5,25
1132168736,5,5,5,4
1132176882,5,5,11,12
1132406255,10,14,24,44
1133562752,5,5,5,4
1133839128,5,5,6,6
1134140939,5,5,25,45
1134849078,5,5,5,4
1135881013,5,5,6,6
1135898324,5,5,5,4
1135941181,5,5,11,12
1135941581,5,5,5,4
1135984965,5,5,6,6
1136252170,5,5,5,4
1136852717,3,10,9,9
1137590955,2,2,12,32
1138026774,5,5,5,4
1138212774,3,10,9,46
1138587910,2,2,12,32
1138915459,2,2,12,13
1139909038,2,2,16,23
1140923511,2,2,16,23
1144761556,7,8,10,11
1158402729,7,8,10,47
1158691908,6,6,1,48
1160073701,7,8,10,11
1161459105,3,7,8,49
1162534149,9,15,26,16
1162862710,7,8,10,26
1163552692,5,5,11,12
1164503211,6,6,1,50
1164545788,5,5,5,4
1164882751,5,5,5,4
1165305889,5,5,5,4
1166674437,5,5,5,4
1167235473,5,5,6,6
1167235720,5,5,6,6
1168915489,2,2,16,23
1170352367,7,8,10,51
1170645699,2,2,12,52
1172031461,8,13,25,45
1173029301,3,7,8,53
1175433492,7,8,8,54
1192922295,2,2,1,55
1193599901,2,2,18,56
1195891557,5,5,5,4
1195999722,5,5,5,4
1199327859,5,5,5,4
1200014419,2,2,12,32
1200554295,3,10,27,57
1200619473,3,7,28,58
1201659335,2,2,29,59
1204063702,2,2,7,7
1220412108,2,2,16,60
1220434040,3,7,8,61
1223274640,2,2,12,32
1223388206,2,16,13,62
1224591253,5,5,5,4
1226206190,2,2,1,1
1230095228,5,5,5,4
1232038141,2,2,12,32
1257629175,5,5,5,4
1260197431,2,2,12,32
1260197510,2,2,12,63
1260542968,2,2,12,64
1260883995,2,2,12,64
1261129711,5,5,6,6
1262360335,2,2,16,23
1263646693,2,2,12,64
1283173461,2,17,30,65
1284312505,2,2,12,59
1285343852,3,3,3,2
1288953551,3,3,1,22
1289359184,7,8,10,25
1291142212,5,5,5,4
1291374677,5,5,5,4
1292027772,3,10,9,9
1292083252,5,5,11,12
1295855722,10,18,25,66
1300276335,7,8,16,23
1311487571,5,5,11,12
1313849992,2,17,30,65
1316245799,8,13,23,67
1320480289,5,5,5,4
1323454861,5,5,5,4
1325133618,2,2,12,68
1325138116,2,2,12,13
1325405571,2,2,12,32
1325479712,2,2,12,13
1330008281,7,8,10,11
1331311183,7,8,10,47
1343891368,5,5,5,4
1344275238,2,19,2,69
1345061120,5,5,5,4
1345596879,2,2,18,56
1351065769,5,5,5,4
1353043462,2,2,16,23
1356173442,2,2,12,13
1362674294,2,2,18,30
1374649768,6,6,1,50
1387527359,2,2,31,70
1387868622,2,2,32,13
1387881882,2,2,12,63
1388223120,2,2,12,32
1407139453,3,10,33,71
1407398468,3,3,3,2
1407783264,11,20,1,55
1410516394,11,20,1,55
1415829386,3,10,9,46
1418572258,2,2,12,13
1418924735,2,2,12,13
1419909152,2,2,12,14
1439754917,2,2,34,72
1444351896,2,2,16,23
1446527869,3,10,9,29
1448591766,2,2,16,14
1448794542,2,2,35,73
1449606569,2,2,12,13
1449611593,2,2,12,74
1455438367,7,8,36,75
1465630554,7,8,10,26
1470065021,7,8,10,19
1479618250,2,2,16,23
1480653743,2,2,12,32
1481340761,2,2,12,32
1498379140,2,21,32,63
1501820626,2,2,37,22
1504207129,7,8,10,11
1506382974,3,10,1,76
1507933560,2,2,38,77
1510648834,2,2,16,23
1511016097,2,2,12,32
1512029563,2,2,12,32
1512034076,2,2,12,32
1512707390,7,8,10,19
1533226802,6,6,1,48
1533542078,2,2,38,77
1534270924,2,2,12,23
1534721340,2,2,12,31
1535791554,2,2,35,73
1541338954,12,22,15,74
1543949467,1,9,20,21
1570111396,5,5,5,4
1570922129,3,10,9,9
1598011458,2,2,10,68
1600489166,2,2,16,23
1605181883,2,2,16,23
1605842920,7,8,16,23
1623262447,4,4,4,78
1628062270,2,2,18,56
1629383757,2,2,18,68
1632055020,3,2,9,79
1637171546,2,2,16,23
1666561406,2,2,16,23
1669255212,2,2,16,23
1671952694,8,13,23,80
1692782686,3,10,9,9
1696897255,2,2,37,51
1716082078,2,2,18,77
1719953914,13,23,39,81
1722164148,4,24,40,82
1728942250,2,2,16,23
1733370882,2,25,41,83
1748666238,6,3,14,17
1753523046,3,10,33,71
1757612027,2,2,12,32
1785931916,2,2,18,56
1787636059,2,2,18,68
1811163357,6,6,1,48
1811163598,6,6,1,48
1812493277,3,10,9,79
1814604278,2,2,18,30
1817712927,3,7,8,61
1820005073,2,2,16,23
1843536369,2,2,42,38
1875284107,2,2,18,56
1877667406,1,9,20,84
1882009576,3,10,9,46
1883042152,2,26,43,85
1914460817,8,13,18,56
1916485259,8,13,18,56
1933892078,6,6,1,48
1942806972,8,13,18,86
1943147567,8,13,18,86
2034477252,14,27,44,87
2067847820,3,10,9,9
2147677469,3,10,9,88
2216261919,2,2,45,89
263674097,8,13,23,80
266187480,10,18,46,6
266187559,10,18,46,90
267214250,10,18,47,91
267223104,10,18,46,92
267551639,1,10,47,91
267564140,10,18,46,92
267896360,10,18,46,93
296199021,3,7,8,53
296203324,3,7,8,53
296203325,3,7,8,53
296203392,3,7,8,53
296203434,3,7,8,53
296203440,3,7,8,94
296531366,3,7,8,53
296535619,3,7,8,53
296535655,3,7,8,53
296855409,5,5,6,6
296859399,5,5,6,5
296885362,8,13,46,93
297217528,5,5,6,6
297230760,10,18,46,95
297563139,1,9,20,35
297580589,10,18,46,95
297584869,10,18,46,96
297588995,10,18,48,97
297908595,5,5,5,4
297917363,10,18,46,95
297917364,5,5,49,98
297917459,10,18,46,95
297917475,10,18,46,93
297921608,10,18,46,91
297934349,10,18,46,99
297938585,10,18,46,95
297947227,10,18,47,91
298241038,5,5,46,98
298254474,5,5,50,100
298254517,10,18,46,35
298258354,10,18,46,95
298258399,3,7,8,101
298258513,10,18,46,95
298258611,10,18,46,95
298262408,10,18,46,102
298262599,5,5,51,6
298262663,10,18,46,95
298266903,5,5,46,98
298599271,10,18,46,103
298603633,5,5,6,5
298603693,10,18,46,95
298603730,5,5,51,103
298612190,10,18,46,95
298927362,5,5,50,100
298944444,5,5,5,4
298944479,5,5,46,98
298957166,10,18,46,95
299289811,8,13,23,104
299290105,1,9,20,35
299617529,5,5,50,105
324721026,5,5,52,106
324725187,3,7,8,107
325743813,8,13,23,108
326253554,1,9,20,109
326474963,3,7,8,110
326879917,5,7,53,111
326884223,3,7,8,53
326884331,3,7,8,61
326888609,10,18,46,90
326888627,3,7,8,53
326888675,10,18,46,93
327587644,1,9,20,84
327588074,1,9,54,112
327588446,1,9,20,84
327881747,10,18,46,113
327933008,1,9,20,114
327933027,1,9,20,114
327933061,10,18,46,95
327937506,10,18,46,102
328010530,1,9,20,115
328244591,5,5,51,6
328265389,10,18,46,35
328274638,10,18,55,116
328278449,10,18,46,95
328533761,8,13,23,25
328611654,10,18,46,95
328935472,5,5,49,98
328939480,5,5,51,6
328943204,5,5,51,117
329225149,10,18,46,118
329301513,10,18,46,95
329301762,5,5,50,100
329566174,5,5,5,25
329566197,10,18,46,95
329638509,5,5,6,6
329646990,8,13,23,108
329970706,5,5,49,98
329983926,5,5,5,4
329988112,5,5,51,117
330316013,10,18,46,95
330319983,10,11,56,93
330415332,1,9,20,35
330640044,5,5,51,119
330678844,3,7,36,120
331343089,5,5,51,93
356429209,3,7,8,101
356878521,1,9,20,121
357250238,1,9,6,122
357573154,5,5,53,123
357581846,3,7,8,123
357599074,10,18,46,124
358264919,5,5,50,100
358639742,1,9,20,35
358847551,1,9,20,35
359317340,5,5,50,100
359744514,10,10,47,91
359931311,10,18,46,92
360268385,10,18,56,125
360310976,5,5,51,126
360349882,10,18,46,103
360591860,10,18,46,95
360677632,1,9,20,84
360690414,1,9,20,84
360773196,8,18,36,127
361005850,5,5,51,119
361312808,10,18,46,95
361341837,5,5,11,12
361364000,5,5,51,128
361376643,5,5,51,10
361445621,8,13,23,129
361700674,8,18,57,93
361722354,3,7,8,101
362299997,10,18,55,116
362719326,1,9,54,112
386833850,1,9,20,130
386877197,3,7,8,61
387568523,8,13,23,131
387939094,1,9,28,132
387952104,10,18,46,102
388267095,3,7,8,53
388280249,3,7,8,133
388293131,1,9,58,112
389311717,5,5,51,126
390003153,10,18,46,134
390330983,5,5,49,98
390331214,5,5,49,98
390352384,10,18,46,95
390473497,1,9,36,135
390590450,10,18,46,95
391016873,10,18,46,90
391610069,3,7,8,101
391971839,8,13,59,136
392389970,5,5,12,32
392821837,10,18,46,91
393063351,1,9,20,35
393776005,10,18,46,137
394095053,5,5,51,103
416876055,1,9,20,84
417221397,5,5,51,117
417558532,1,9,20,84
417908800,1,9,20,35
418175238,3,7,8,28
418503161,3,7,8,101
418607079,3,7,8,61
418607328,5,5,53,138
418607477,5,5,25,132
418969956,1,9,28,132
418970154,3,7,8,139
418987009,1,9,54,112
419345606,1,9,20,35
420010739,5,5,56,90
420325753,5,5,50,20
420351087,1,9,20,84
420351828,1,9,20,112
420586101,1,9,20,35
420666689,5,5,53,111
420688241,5,5,51,117
420696828,10,18,46,102
420723066,1,9,20,84
421041565,7,8,10,11
421055181,10,18,60,130
421405157,1,9,20,84
422056477,5,5,50,105
422056521,5,5,51,122
422419397,10,18,46,90
422622063,10,18,46,95
422738252,5,5,51,140
422742649,5,5,51,4
422751191,8,13,23,95
423096449,5,5,56,125
423749262,5,5,11,12
423792217,10,18,46,103
424193116,5,5,51,103
424250610,5,28,61,141
424434994,5,5,51,80
424443911,10,18,46,142
424452682,5,5,51,103
424792976,5,5,51,117
424793122,5,5,51,10
424918786,8,13,23,143
425104178,8,13,23,95
425143700,10,18,47,52
425148091,10,18,46,137
425471220,8,13,46,144
447599745,1,9,20,145
447872055,5,5,51,140
448342846,7,8,10,43
448869118,10,18,62,146
449205588,8,13,23,108
449244969,1,9,20,147
449288517,1,9,20,35
449296930,1,9,28,121
449685778,1,9,20,84
450034902,1,9,20,35
451049385,10,18,46,124
451062462,10,18,46,90
451365099,5,5,5,4
451390676,10,18,46,124
451662040,10,18,46,124
451722668,1,9,20,148
451995306,8,13,63,149
451995734,8,13,46,142
452340995,10,18,55,107
452689494,10,18,55,116
452771913,10,18,64,53
453108601,10,18,46,150
453130054,1,9,20,35
453457927,1,9,46,113
453527730,1,9,20,35
453536107,10,18,46,150
454477603,1,9,9,46
454481372,10,18,46,99
454787848,8,13,52,40
454822542,3,7,8,151
455155337,7,8,10,11
455159380,10,18,25,152
455500416,10,18,55,116
456187010,10,18,46,144
456506289,10,18,46,90
456523994,10,18,55,116
456833888,8,13,23,129
456847092,10,18,46,90
456847100,10,18,46,150
457520516,10,18,36,153
478591447,7,8,10,11
479260891,5,5,50,105
479908320,1,9,65,154
480029788,1,9,20,35
480258208,7,8,10,155
480328501,1,9,28,121
480387478,1,9,20,84
480681197,1,9,28,121
480987689,1,9,20,35
481035392,3,7,8,61
481070027,1,9,20,35
481191030,1,9,36,135
481295335,3,7,8,28
481359062,1,9,20,84
481371769,3,7,8,53
481390070,5,5,6,90
481394217,10,18,46,90
481406868,1,9,20,35
481731074,10,18,46,90
481747302,1,9,20,35
482417237,10,18,46,144
482732443,8,13,66,156
483017681,8,13,52,53
483720758,10,18,46,95
483797945,5,5,56,13
484130600,8,13,23,15
484134987,10,18,46,90
484147730,10,18,46,150
484368420,8,13,23,108
484735637,8,13,63,157
484821546,10,18,46,95
484829654,5,5,51,117
484890037,1,9,20,84
485511772,1,9,20,115
485589846,7,8,36,120
485628489,1,9,36,135
485745069,10,18,62,158
485934965,1,9,36,153
486185442,10,18,46,90
486255488,10,18,60,159
486544396,10,18,55,116
486842208,5,5,5,4
486876782,10,18,10,160
487187476,8,13,23,104
487212916,10,18,64,161
487286529,1,9,36,153
487541595,10,18,46,102
487882168,10,18,46,161
487882906,10,18,46,134
487899426,10,18,46,103
487925063,8,13,23,104
487968933,5,5,51,103
488231898,3,7,8,145
488572496,10,18,46,162
488581156,1,9,20,163
488922181,7,8,10,11
508689623,7,8,10,11
509924185,3,7,8,28
509928946,8,13,59,136
509945954,3,7,8,61
510049477,5,5,51,140
510278853,10,18,46,40
510676580,3,7,8,53
510680365,1,9,20,84
511660697,3,7,53,110
511685969,3,7,8,164
512014262,1,9,20,35
512765816,10,18,46,142
512787296,10,18,46,35
513344531,3,7,8,101
513668146,3,7,8,165
514043443,3,7,8,101
514068564,8,13,23,131
514116545,5,5,49,98
514475106,5,5,5,4
514708179,1,9,67,166
514807275,5,5,5,4
514816333,5,5,51,4
514833145,10,18,64,161
514842241,1,9,20,84
514850616,3,10,9,46
515092013,3,7,8,110
515152792,5,5,6,126
515524209,10,18,60,167
515588291,1,9,20,35
515869245,10,18,46,150
516163285,1,9,54,168
516283789,10,18,55,116
516287961,10,18,64,161
516288120,10,18,46,150
516551382,10,18,46,150
516780722,10,18,55,116
516806504,10,18,55,66
516844782,8,13,23,80
516965856,7,8,36,169
517242832,1,9,20,84
517578770,10,18,60,52
517587356,10,10,47,91
517838657,8,13,59,136
517872280,8,13,23,10
517910959,5,5,51,103
517915796,10,18,46,170
517916020,10,18,46,170
518217691,10,18,23,171
518269350,10,18,46,170
518558825,7,8,10,10
518598175,10,18,46,172
518861029,8,13,23,80
518930199,3,7,8,43
519004170,10,18,46,92
519046655,5,5,5,25
519616809,8,5,56,15
540972196,10,18,46,144
541011631,1,9,68,173
541697718,3,7,8,164
542376096,1,9,20,84
542410481,3,7,8,61
542691005,1,9,20,35
542699260,3,7,53,123
543049093,1,9,20,35
543062097,1,9,1,174
543092817,3,7,8,175
543135607,10,18,46,99
543412036,3,7,8,176
543433461,5,5,6,6
543821838,1,9,20,145
544037996,3,7,8,165
544038123,7,8,10,11
544158940,5,5,5,4
544265891,1,9,61,177
544611593,1,9,36,177
544706811,3,7,8,176
545289059,5,29,6,169
545444996,3,7,8,149
545501062,1,9,54,168
545510060,5,5,50,105
545535468,1,9,61,112
545626238,5,29,6,169
545903200,1,9,20,84
545906392,10,18,46,102
545966857,5,29,6,169
545967081,5,29,6,169
545971196,5,29,6,169
546080131,3,7,8,178
546217818,10,18,46,99
546303917,10,18,36,120
546316427,5,5,51,103
546559025,10,18,46,179
546641039,1,9,36,153
546661879,5,5,51,126
546661881,5,5,51,169
547158593,10,18,55,116
547227734,3,7,8,178
547240545,10,18,46,160
547258283,1,9,20,130
547318128,3,7,8,178
547551580,3,7,8,110
547552266,7,8,10,11
547565159,5,5,51,100
547659321,10,18,64,161
547927681,1,9,28,121
548225503,3,7,8,176
548570973,7,8,10,11
548678665,10,18,46,150
548712377,10,18,46,95
548937579,10,18,58,172
548963433,10,18,69,180
548993536,1,7,8,84
549161688,8,13,5,181
549269622,5,5,6,6
549282467,7,8,1,1
549347735,1,9,36,135
549364902,10,18,46,161
549597974,8,13,23,15
549722579,7,8,10,11
550081666,8,13,23,10
550275952,8,13,23,108
550297695,1,9,20,102
550319575,1,9,36,153
550322829,10,10,55,182
550426732,7,8,10,10
550617370,8,13,23,108
550621853,8,13,23,108
550638250,8,13,23,171
550655668,10,18,55,116
550750102,7,8,36,183
550962648,5,5,51,103
550988122,7,8,10,11
551303686,7,8,10,103
551337690,10,10,55,182
551751981,7,8,10,11
551989415,10,18,46,144
571666434,8,13,23,184
573142557,1,9,20,168
573337611,8,13,23,108
573402255,3,7,8,61
574040939,8,13,64,144
574511458,1,9,20,35
574515806,1,9,20,35
574732075,3,7,8,118
574736017,3,7,8,58
575197482,10,18,55,116
575301459,1,9,20,147
575323308,5,5,6,5
575768294,10,18,46,95
576082257,1,9,20,35
576475847,3,7,8,107
576502536,8,13,23,108
576566223,5,5,12,101
576566287,2,2,12,13
576566621,1,9,20,84
576574889,1,9,20,84
576825965,8,13,23,43
576898212,8,5,56,125
577002771,1,7,2,185
577205270,8,13,56,62
577244511,1,9,20,35
577330676,1,9,8,84
577554935,8,13,23,15
577709776,5,5,51,143
578008551,10,18,46,134
578254032,3,7,8,110
578284233,10,18,46,99
578556621,8,13,59,136
578621125,1,9,20,84
578642656,10,18,60,159
578690477,10,18,46,53
578919867,5,5,6,122
578936675,5,5,5,4
579194975,1,9,20,186
579230376,8,13,23,171
579234980,8,13,23,80
579239039,5,5,6,122
579268807,5,5,5,4
579536041,7,10,9,46
579575594,8,13,23,42
579912201,8,13,23,171
579946370,8,13,5,15
580287695,8,13,59,136
580288167,8,13,66,15
580300616,5,5,51,15
580662960,1,9,20,84
580680652,10,18,55,159
580732377,10,10,47,91
580780309,7,8,51,103
581004609,3,7,8,107
581013183,10,18,70,187
581064707,10,18,46,167
581099105,5,5,51,143
5812979948,5,5,71,28
5812980103,5,5,71,28
5812980109,8,13,23,108
5812980142,1,9,46,112
5812980470,3,7,8,101
5812980473,1,9,72,188
5812980494,1,9,72,188
5812980520,7,8,10,103
5812980529,10,18,55,116
5812980658,8,13,23,80
5812980666,8,13,23,10
5812980710,10,18,46,90
5812980743,5,5,51,4
5812980884,1,9,20,84
5812980916,2,2,12,189
5812981016,1,9,20,35
5812981228,1,9,20,35
5812981237,5,5,50,105
5812981381,7,8,10,11
5812981506,1,9,20,35
5812981517,1,9,20,35
5812981791,7,8,10,11
5812982052,3,7,8,53
5812982295,8,13,52,146
5812982324,1,9,20,84
5812982711,2,2,12,42
5812982885,2,2,18,86
5812982994,3,7,8,80
5812983110,7,8,10,190
5812983128,3,7,73,191
5812983240,3,7,8,46
5812983825,7,8,10,11
5812983831,7,8,10,11
5812983878,3,7,8,34
5812984012,13,3,3,2
5812986798,5,5,6,6
5812987034,2,2,18,56
5812989861,5,5,11,12
5812991473,13,23,39,81
5812992091,3,10,27,57
5813008934,10,18,46,95
5813009358,5,5,51,126
5813009578,10,18,46,96
5813009620,10,18,10,95
5813009766,10,18,56,192
5813010212,5,5,57,193
5813010265,10,18,46,53
5813010266,10,18,46,179
5813010279,10,18,64,144
5813010748,10,18,46,90
5813010828,5,5,5,4
5813011074,7,8,10,11
5813011125,5,5,5,4
5813011133,10,18,64,161
5813011165,10,18,46,90
5813011166,10,18,46,150
5813011298,5,5,51,140
5813011320,5,5,56,194
5813011443,1,9,6,121
5813011483,3,7,8,53
5813011486,5,5,50,138
5813011512,3,7,8,195
5813011660,1,9,20,84
5813012136,3,7,8,53
5813012193,10,18,46,150
5813012231,5,5,51,103
5813012786,1,9,20,168
5813012995,3,7,8,196
5813013202,8,13,64,144
5813013630,8,13,23,197
5813013636,10,18,70,187
5813014032,3,7,8,198
5813014391,5,5,5,4
5813014693,5,5,5,4
5813014777,5,5,6,6
5813015068,5,5,51,117
5813015408,3,7,8,199
5813015448,1,14,17,21
5813015594,7,8,10,19
5813016900,5,5,5,4
5813016958,1,9,1,21
5813019560,5,5,51,80
5813020388,2,2,16,23
5813020674,5,5,54,168
5813020676,5,5,51,15
5813020696,1,9,20,35
5813020751,5,7,8,28
5813020785,10,18,46,95
5813020800,5,5,51,6
5813020803,5,5,49,98
5813020817,5,5,51,117
5813020840,10,18,46,95
5813020855,3,7,8,28
5813020857,8,13,23,108
5813020996,8,13,23,10
5813021005,5,5,51,101
5813021046,8,13,23,104
5813021122,2,2,35,73
5813021192,1,9,20,35
5813021223,10,18,46,150
5813021225,1,9,20,35
5813021235,5,5,51,108
5813021238,5,5,51,126
5813021247,5,5,5,4
5813021498,3,7,8,61
5813021564,1,9,20,35
5813021566,1,9,20,35
5813021602,10,18,46,137
5813021899,1,9,74,21
5813022026,2,2,12,13
5813022160,5,5,50,105
5813022257,7,8,10,11
5813022339,1,9,36,200
5813022343,7,8,10,21
5813022375,7,8,10,11
5813022404,9,30,73,152
5813022424,8,13,23,43
5813022429,1,7,36,145
5813022459,8,13,52,144
5813022538,2,2,12,32
5813022759,7,8,10,11
5813022814,3,10,9,46
5813022915,7,8,75,196
5813022923,5,5,5,4
5813022976,7,8,34,9
5813024852,2,2,76,60
5813026589,10,18,46,35
5813026661,10,18,46,150
5813026705,10,18,46,116
5813026785,3,7,2,20
5813027592,5,5,51,140
5813027737,7,8,10,11
5813032709,3,7,8,28
5813033379,3,3,3,2
5813033443,10,18,64,161
5813035328,10,18,60,201
5813035694,3,10,9,46
5813038579,6,6,1,48
5813039906,5,5,48,93
5813040000,5,5,6,6
5813040037,1,10,1,202
5813040190,7,8,10,21
5813040712,1,9,20,35
5813040766,3,7,8,53
5813041169,8,13,23,39
5813041237,2,2,12,42
5813041304,2,2,12,32
5813041525,5,16,56,125
5813041610,5,5,5,33
5813041684,5,5,5,4
5813046658,1,9,36,135
5813046951,10,10,47,91
5813047739,1,9,20,35
5813048229,4,4,4,3
5813048745,3,7,77,2
5813049378,10,18,55,116
5813049907,10,18,46,95
5813049946,1,9,28,38
5813050455,10,18,62,158
5813050772,2,2,35,73
5813052205,8,13,64,144
5813053669,2,2,71,13
5813053860,3,10,9,37
5813053923,2,2,12,42
5813054079,7,8,10,11
5813054659,7,8,9,203
5813055298,2,2,18,86
5813055535,3,10,34,204
5813055749,5,5,5,4
5813055768,10,18,46,92
5813055769,10,18,55,116
5813055800,8,13,23,131
5813055817,1,9,20,115
5813055949,10,18,46,43
5813055999,5,5,5,4
5813056041,10,18,46,167
5813056054,10,18,8,44
5813056057,7,8,36,127
5813056071,1,9,20,35
5813056101,7,8,10,21
5813056168,10,18,64,90
5813056257,3,7,8,28
5813056881,5,5,51,126
5813056917,1,9,20,35
5813056944,1,9,20,84
5813057162,3,7,8,101
5813057245,2,2,16,23
5813057461,7,8,10,11
5813057464,5,5,5,4
5813057481,3,10,34,182
5813057861,5,5,5,4
5813057864,10,10,47,91
5813057933,3,7,8,176
5813057973,3,7,8,101
5813058050,7,8,10,11
5813058222,3,7,8,61
5813058272,3,10,9,46
5813058319,7,8,10,11
5813058320,7,8,10,11
5813058350,3,7,8,80
5813060068,2,2,16,23
5813060701,5,5,5,4
5813060768,1,9,20,21
5813061024,2,2,18,30
5813061112,3,7,8,154
5813061114,7,8,10,10
5813061260,5,5,5,25
5813061642,1,9,28,121
5813062838,7,8,10,11
5813062858,5,5,5,25
5813063093,1,9,1,49
5813063137,3,7,8,101
5813063524,9,31,78,205
5813063587,3,10,9,46
5813063829,1,9,1,174
5813064332,1,9,20,35
5813065004,7,8,10,26
5813065365,5,5,5,4
5813065519,1,9,79,72
5813067732,1,9,74,21
5813067963,4,4,4,78
5813068484,3,10,9,46
5813068575,5,5,50,105
5813068748,2,2,35,73
5813068769,7,8,10,11
5813069512,2,2,16,23
5813069630,3,10,9,91
5813070569,2,2,12,20
5813071068,3,7,8,53
5813071078,1,9,20,115
5813071257,3,7,8,72
5813071348,1,9,28,29
5813071370,10,18,36,172
5813075619,5,5,50,100
5813075692,3,7,8,61
5813075875,3,7,8,20
5813075932,1,9,20,35
5813076043,5,5,5,4
5813076392,2,2,13,125
5813077469,1,9,20,115
5813077929,7,8,36,120
5813078571,1,9,36,127
5813078641,7,8,10,26
5813079192,7,8,10,11
5813079417,1,9,20,84
5813080768,1,9,36,206
5813081474,1,9,17,21
5813081849,3,7,8,207
5813081864,5,5,5,4
5813082239,2,2,18,30
5813082780,5,5,51,103
5813083779,7,8,10,11
5813083780,7,8,10,11
5813087620,3,10,34,88
5813087891,2,2,10,68
5813087953,10,18,46,208
5813087991,3,7,8,61
5813088784,3,3,3,2
5813089157,7,8,10,11
5813092990,10,18,60,182
5813094560,2,2,12,63
5813094811,8,13,23,108
5813096198,3,7,50,100
5813096913,3,7,8,199
5813097020,2,2,12,13
5813097634,3,7,8,178
5813097926,3,32,58,54
5813098223,7,8,10,209
5813098975,3,10,9,46
5813103626,5,5,5,4
5813105726,1,9,20,35
5813105778,7,8,10,10
5813108129,3,7,8,53
5813109327,5,5,51,153
5813111272,1,9,36,21
5813117385,7,8,10,11
5813123585,8,13,23,108
5813124162,1,9,20,35
5813126031,2,2,18,77
5813129271,5,5,5,4
5813129453,8,13,52,146
5813130366,5,5,5,4
5813132515,1,9,20,84
5813133463,7,8,10,11
5813134082,5,29,6,169
581336531,8,13,23,163
581358486,10,18,46,167
581409749,10,10,47,91
581414714,1,9,60,182
581652283,3,7,8,53
581746661,7,8,10,11
581790318,1,9,36,36
581962275,1,9,65,210
582027783,7,8,10,26
582381054,1,9,20,84
582696254,10,18,55,116
582700300,10,18,55,116
583132200,1,9,36,153
5901192948,8,13,23,171
5901193720,2,2,12,32
5901195945,10,18,46,103
5901196319,5,5,6,6
5901196628,1,9,20,35
5901201909,10,18,46,144
5901203310,10,18,64,161
5901203505,10,18,55,116
5901212906,8,13,23,192
5901213440,8,13,23,43
5901213624,5,5,51,176
5901215966,1,9,36,135
5901218930,7,8,10,10
5901221890,10,18,46,95
5901225755,2,2,18,86
5901227238,2,2,18,30
5901232053,1,9,20,35
602071049,1,9,20,168
603068370,3,7,8,61
603167111,2,2,12,32
603482385,1,9,20,35
604070433,10,18,55,116
604195247,1,9,54,168
604289581,5,5,51,143
604709727,8,13,23,67
604864322,1,9,20,35
604976663,8,13,80,179
605166418,10,18,55,116
605550395,1,9,20,35
605554875,1,9,20,35
606103219,3,7,8,53
606193500,1,9,28,58
606340818,1,9,36,200
606461310,8,13,64,144
606703149,5,5,2,185
607221569,8,13,23,211
607251100,3,7,8,53
607273128,1,9,20,35
607273339,1,9,28,121
607597135,3,7,8,15
607925257,3,7,8,20
607929192,1,9,20,35
607933758,5,5,5,4
607938091,3,7,8,38
607955261,1,9,20,186
608261812,5,5,51,101
608278754,3,7,8,110
608283432,5,5,51,21
608369629,10,18,46,150
608602824,1,9,20,35
609513630,3,7,8,178
609591880,8,13,23,108
609591891,8,13,23,108
609591989,8,13,23,108
609655670,1,9,20,35
609656444,3,7,8,15
609660480,10,18,46,53
609893831,1,9,20,35
609975449,3,7,8,28
609979769,3,7,8,53
609992451,10,18,46,150
609993550,1,9,20,84
610018976,1,9,61,148
610113424,5,5,51,10
610312734,7,8,10,11
610321430,3,7,8,53
610321522,3,7,8,53
610338229,10,18,46,53
610342229,10,18,46,150
610351307,3,9,9,46
610666582,1,9,20,35
610670860,10,18,46,53
610722297,1,30,60,152
610981555,5,5,51,80
610981584,8,13,23,15
611015907,1,9,20,84
611016455,10,18,46,53
611020135,10,18,46,150
611029037,3,7,8,61
611037750,7,8,10,11
611089775,7,8,36,120
611340150,1,9,20,35
611343891,10,7,8,53
611357256,10,18,46,150
611361002,3,7,8,107
611361058,10,18,46,150
611365952,10,18,46,208
611629428,8,13,23,43
611693656,3,7,8,53
611728142,10,18,55,116
611810783,8,13,66,15
612034653,3,7,8,101
612307129,5,5,5,4
612336669,8,13,52,212
612367371,8,13,23,171
612371421,8,13,23,171
612712334,8,13,23,171
612742137,7,8,10,21
612742165,7,8,10,21
612742224,7,8,10,21
612742229,7,8,10,11
612742298,7,8,10,21
612742316,7,8,10,21
612746557,7,8,10,21
612746670,7,8,10,21
612755343,7,8,10,11
612777140,10,18,69,180
613040803,7,8,10,10
613044611,8,13,23,163
613066879,8,13,25,66
613079053,8,13,23,104
613083298,7,8,10,11
613083317,7,8,10,11
613394707,3,10,9,46
614081109,10,18,55,116
614413183,3,10,64,202
634879889,1,9,20,168
635541640,1,9,28,121
635878327,1,9,28,121
635890732,7,8,67,166
635895000,1,9,20,84
635908014,1,9,20,84
636344136,1,9,36,135
636594376,1,9,20,84
636667489,1,9,20,186
636944318,1,9,20,84
637008792,1,9,61,147
637393228,1,9,28,132
637475264,3,7,8,196
637621553,1,9,20,213
638040562,3,7,8,53
638152829,3,7,56,178
638985608,3,7,8,123
639008013,1,9,20,84
639063702,10,18,46,53
639275368,8,13,23,156
639327084,1,9,81,133
639405054,1,9,36,177
639650941,3,7,8,195
639655157,2,2,12,13
639655378,3,7,8,28
639659397,1,9,20,35
639995972,5,5,51,15
6400000773,10,18,46,102
640276971,3,7,8,110
640596169,8,13,23,108
640665331,5,5,5,4
640691030,1,9,20,84
640691209,3,7,8,61
640963528,8,13,23,108
641373426,10,18,46,144
641688553,8,13,23,104
641709401,10,18,46,208
641709938,8,13,23,108
641714522,3,7,8,101
642024743,8,13,52,40
642046803,3,7,8,53
642387775,3,7,8,53
642387793,3,7,8,53
642504699,8,13,23,42
642509080,5,5,12,13
642651049,5,5,51,214
642715563,3,7,8,28
642715875,3,7,8,28
642723975,8,13,23,131
642724189,3,7,8,101
642732835,8,13,23,43
642763119,10,18,55,116
643039876,10,18,64,215
643052767,3,7,8,107
643060819,3,7,8,216
643073880,10,18,64,144
643152220,10,18,46,150
643329030,5,5,51,140
643389529,1,7,8,84
643393020,3,7,8,195
643393688,3,7,8,20
643401816,3,7,8,53
643402037,3,7,8,53
643721915,3,7,8,107
643739027,8,13,23,108
643743142,8,13,64,144
643773259,7,8,10,11
643794320,7,8,10,11
644083764,8,13,64,144
644113913,7,8,10,217
644148661,7,8,10,21
644153089,7,8,9,218
644425543,3,7,8,219
644433538,7,8,10,11
644450565,7,8,10,11
644757911,3,7,8,152
644761952,3,7,8,53
644788121,7,8,10,11
645086558,1,9,20,84
645111897,3,10,9,9
645449236,3,10,9,220
665479890,2,2,82,156
666200256,10,10,55,116
666575508,1,9,20,168
666994301,2,2,12,32
667266529,8,13,23,43
667271225,1,7,83,130
668285416,5,5,51,4
668967527,7,8,10,11
669088684,8,5,5,221
669421910,1,9,36,177
669649730,2,2,12,42
669649736,5,5,84,39
669670654,3,7,8,61
669965108,8,13,23,15
669978138,3,7,8,100
670020922,1,9,20,35
670089878,1,9,36,135
670353202,1,7,8,61
670357457,3,7,8,61
670370149,1,9,20,35
670370239,1,9,20,84
670703141,1,7,8,133
670883838,3,7,8,175
671035328,3,7,8,28
671234167,1,9,20,35
671345931,5,5,6,6
671657343,8,13,23,222
671660941,8,13,23,108
671751354,10,18,46,223
671756253,1,9,17,21
671795298,10,18,58,208
672041363,8,13,68,173
672092798,1,9,17,24
672407642,3,7,8,53
672429275,7,8,36,203
672494647,3,7,85,181
672598344,3,7,8,164
672697926,8,13,23,108
672723441,5,5,51,140
673068602,3,7,8,28
673085574,3,7,8,61
673090000,3,7,8,61
673405506,7,8,51,224
673426911,8,13,23,44
673435566,7,8,73,212
673509195,8,13,23,129
673758836,3,7,8,61
673772244,8,13,73,212
673772290,7,30,73,212
674069555,5,5,51,214
674096140,8,13,8,149
674108632,1,9,20,35
674108802,8,13,23,108
674423996,5,5,71,28
674427795,3,7,8,28
674446014,8,13,23,14
674532291,1,9,36,153
674781866,3,7,8,178
674882302,7,8,36,120
675127699,7,8,10,217
675127915,2,2,12,13
675144908,7,8,10,11
675166212,3,7,8,53
675187531,7,8,10,21
675447609,3,7,8,216
675490204,3,7,8,61
675528661,7,8,10,10
675767414,5,5,10,15
675800901,8,13,23,144
675809900,2,2,12,13
675822559,3,10,9,225
675822802,7,8,10,11
675887521,8,18,36,129
676133767,2,2,23,14
676138357,8,13,23,108
676479156,3,10,9,46
676479217,3,13,23,61
676824431,3,9,8,225
695500178,8,13,23,146
696617609,1,9,65,27
697265869,3,7,8,38
697269889,1,9,28,121
697316795,7,8,10,19
697939194,5,5,28,6
698314499,1,9,20,35
698443880,1,9,28,132
698742094,1,9,20,84
698979607,1,9,20,35
698996246,1,9,20,35
699178922,8,13,62,146
699358695,1,9,20,84
699363923,3,7,8,61
699463239,5,33,56,151
699687305,1,9,20,35
699695617,1,9,20,35
699998408,2,2,71,13
700037217,1,9,20,35
700335140,1,9,28,132
700377995,1,9,20,213
700481649,8,5,86,221
700658962,8,13,23,15
700683875,5,5,5,181
700982749,8,13,84,39
701345660,5,5,5,4
701371011,2,2,12,13
701383309,5,5,51,143
701469455,1,9,36,221
701733434,3,7,8,53
701742479,1,9,20,35
702069970,3,7,8,226
702079023,3,7,8,207
702079135,3,7,8,207
702152113,1,9,20,35
702199343,3,7,75,196
702389193,5,5,6,6
702506641,3,7,2,20
702730227,5,5,6,128
702760942,3,7,8,61
702882168,1,9,56,125
703059097,8,13,23,108
703101952,3,7,8,53
703179848,7,8,16,23
703387200,8,13,23,108
703438567,3,7,8,53
703520999,3,7,8,53
703779386,3,7,8,175
703857506,7,8,36,120
703866010,3,7,8,53
704111734,3,7,8,164
704116248,8,13,11,12
704453006,3,7,8,35
704466265,8,13,23,43
704548608,1,9,36,200
704552421,3,7,8,145
704785058,2,2,12,13
704785256,7,8,51,224
704785546,5,5,8,28
704816317,1,9,55,116
705217250,10,18,36,150
705234668,7,8,36,120
705462899,8,13,23,108
705463175,5,5,51,214
705463539,5,5,5,4
705471952,2,2,12,13
705554385,1,9,65,210
705787638,8,13,23,108
705795727,7,8,10,28
705816818,8,13,23,144
706176085,7,8,10,11
706451920,8,13,52,106
706473389,3,7,8,79
706508078,8,13,23,108
706520453,3,10,9,46
706819341,8,13,52,184
706948318,8,13,23,156
707854620,3,10,9,162
707854989,3,10,9,46
707858790,3,10,9,46
707863263,3,10,9,46
708187441,3,10,9,46
708208811,1,9,20,84
708545526,3,7,8,61
7112622044,7,8,10,11
725701350,8,13,23,129
727929407,3,7,8,101
728625156,5,5,84,39
728667734,1,9,20,213
728974338,5,5,84,39
729007988,3,7,32,63
729358056,3,7,8,61
729698667,1,9,8,175
730001920,3,7,8,123
730006122,2,2,12,42
730104740,1,9,65,210
730147972,1,9,36,177
730398148,1,9,20,35
730398229,3,7,9,46
730692294,2,2,82,156
730721558,1,9,20,35
731062953,3,7,8,207
731688775,8,5,66,227
731689147,8,13,23,108
732059827,5,5,5,4
732077752,3,7,8,164
732163357,1,9,20,84
732431788,3,7,8,46
732777416,1,9,20,35
733182574,1,9,20,84
733192083,1,9,36,228
733399215,8,13,23,196
733458828,7,8,10,11
733796382,3,7,8,207
733834095,1,9,17,229
734132592,3,7,8,191
734327429,3,7,8,175
734408687,8,13,23,108
734473582,3,7,8,164
734491001,10,18,46,90
734599550,8,13,23,15
734754585,8,13,23,108
734814622,2,2,10,29
735488299,2,2,12,32
735941254,8,13,23,15
736109737,8,13,23,108
736140238,7,8,10,222
736174181,7,8,10,11
736433303,1,9,20,84
736791573,1,9,74,15
736830579,8,13,23,108
736860990,3,7,8,29
737189212,1,9,51,21
737491049,5,5,51,214
737491087,5,5,51,214
737824168,2,2,12,32
737832306,2,2,12,32
737892940,3,7,8,204
738246510,3,7,8,230
739213376,3,7,8,226
739256609,1,9,20,84
739567785,3,10,9,220
739572008,7,8,10,21
757538997,3,7,8,189
758674661,8,13,23,156
758955666,1,7,61,231
758977730,1,9,20,84
758990648,3,7,50,20
759667315,1,9,28,21
759681018,2,26,56,125
760021137,3,7,2,125
760268555,8,13,62,146
760323253,3,7,8,207
760358472,3,7,56,125
760397222,3,7,8,61
760729207,3,7,8,207
761040902,2,2,12,13
761096077,1,9,72,188
761537199,3,7,28,58
761843188,1,9,36,200
762037782,7,8,36,44
762058745,7,8,56,13
762274975,8,13,64,144
762745906,5,5,6,128
763086729,8,13,11,12
763116811,3,7,8,20
763186493,1,9,36,232
764144161,3,7,8,207
764148834,3,7,8,175
764153172,3,7,8,230
764817903,2,2,12,13
765145895,5,5,6,6
765245188,1,9,36,228
765504308,2,2,12,13
765564814,10,18,58,208
766186252,7,8,10,11
766255970,8,13,23,233
766385551,1,9,1,21
767455273,3,10,9,9
767473384,7,8,1,234
767903933,7,8,36,183
767904550,7,8,10,11
768590452,3,10,9,46
769199010,8,18,64,144
769263962,7,8,10,11
769268002,7,8,10,151
769355285,7,8,10,191
769670101,7,8,36,161
769924974,7,8,10,11
770249286,3,7,8,216
789130596,2,2,12,32
789398359,1,9,20,21
790405385,5,5,51,4
790417325,1,9,20,200
790417660,1,9,28,121
790641825,8,13,23,197
790741191,3,7,8,61
790982851,8,13,52,106
791043906,7,8,10,219
791427589,3,7,8,61
791527493,3,7,8,164
792062042,7,8,10,21
792175182,1,9,36,135
792450754,3,7,8,94
793797279,7,8,10,196
794462286,8,13,23,62
794466376,2,2,82,156
794945765,5,5,5,4
794946803,5,5,5,4
794967711,7,8,75,196
795187525,1,9,20,16
795546494,1,9,20,168
795826923,8,13,23,108
796193592,2,2,12,13
796393522,3,7,8,46
796543393,3,7,36,151
796599303,10,7,8,53
796755936,3,10,9,204
796889169,7,8,10,54
797194962,8,13,23,108
797255293,1,9,17,21
797277919,8,13,23,233
797281464,7,30,73,212
798939240,7,10,10,46
799263200,7,8,10,26
799521639,3,7,2,60
799578347,8,13,52,184
799586652,8,13,23,171
800212579,3,7,8,61
800212976,7,8,10,11
800233950,3,10,9,225
800238269,7,8,10,11
800303089,7,8,10,11
800373114,7,8,10,11
800588608,7,8,10,209
800622401,8,13,52,184
800925392,3,10,9,204
800937779,8,13,23,108
801257348,1,9,20,84
801283077,2,2,43,14
820856412,1,9,79,206
821418392,7,8,10,19
821686394,1,9,18,198
821728921,1,14,77,235
821729208,1,14,77,236
821729315,4,4,4,237
821729349,1,14,77,235
821729374,3,7,19,34
822078542,7,8,10,21
822376419,1,9,20,84
822380754,1,9,20,133
822428009,7,8,10,156
822461999,3,7,8,61
822505389,3,10,1,76
823058891,1,9,18,198
823852745,1,9,20,168
823879266,1,9,72,188
824115747,1,9,28,121
824349873,3,7,64,144
824457714,1,9,28,121
825489724,8,13,23,108
825822254,2,2,63,157
826136822,8,13,23,108
826659627,5,5,5,4
826844892,8,13,23,108
827673856,3,7,8,196
827889523,8,8,10,10
827911067,5,5,51,108
828282250,1,9,51,150
828316115,1,9,36,24
828316308,1,9,17,24
828316734,8,34,58,218
828934059,7,8,10,160
828955389,3,7,8,175
829050526,7,8,87,233
829279239,8,13,56,160
829636950,7,8,10,11
829693574,7,8,36,183
830634936,8,13,23,108
831291329,8,5,75,196
832646151,3,7,8,238
833043564,3,7,8,163
850181951,5,5,5,4
851110676,2,2,12,13
851114700,2,2,2,75
852422640,3,7,19,34
852763122,1,9,28,121
853173648,2,2,18,56
853437941,3,7,24,77
853514696,3,10,9,9
854883067,2,2,74,21
855147657,7,8,10,217
855493136,1,9,74,21
855638407,1,9,36,228
858453703,6,10,1,48
858604499,2,2,74,21
858906840,8,13,23,108
859265651,8,13,23,104
859381489,5,5,51,103
859665971,1,9,17,21
859688555,1,30,17,21
860305498,5,5,5,227
861005020,7,8,10,21
861065482,7,8,10,11
861251038,3,10,9,46
861251942,3,7,8,220
861583205,8,5,29,15
861665641,8,13,23,43
862010850,2,2,63,14
862278897,3,10,9,189
862671913,8,13,23,108
862697175,8,13,23,108
862722715,7,8,17,21
863059358,1,9,65,210
863698974,8,13,23,43
881220948,5,5,5,4
882239837,5,5,5,4
882922539,2,2,12,32
883500704,5,35,88,239
884123412,3,7,8,225
884636075,1,9,28,38
885253534,5,5,5,4
885257938,5,5,5,4
885262090,5,5,5,4
885262118,5,5,5,4
887230673,2,2,12,13
887588829,3,10,9,46
887640858,1,9,20,84
887921032,2,2,12,42
888146447,3,18,73,167
889863729,1,6,1,234
890197225,1,9,1,186
890425079,5,5,5,4
890671753,5,5,5,4
891663788,2,2,12,13
891771553,7,8,10,11
892376241,7,8,7,7
892376440,7,8,10,190
892385258,7,8,10,26
892398461,2,2,74,21
892722090,7,8,10,52
893338771,3,10,9,46
893710296,8,13,52,184
893741163,7,8,10,11
893754136,7,8,10,11
894020730,8,13,23,43
894362173,2,2,12,13
894380152,7,5,74,21
894702888,2,2,16,23
894724798,8,13,89,238
895091952,7,8,10,54
895441451,8,13,23,156
910451489,2,2,3,2
911569552,2,2,12,32
912583959,5,5,5,4
913681721,2,2,13,13
914298735,2,2,2,20
914466864,3,7,8,225
914778159,2,2,18,86
914850280,1,9,77,236
915188031,3,7,3,2
915273417,5,5,5,4
915503330,2,2,35,73
915520244,4,4,4,3
915605802,5,5,5,4
915623395,5,5,5,4
915946994,5,5,5,4
915951309,5,5,6,6
915960293,5,5,5,4
915964748,5,5,5,4
916456567,3,2,7,7
916637896,5,5,6,6
916646779,5,5,6,6
917298286,1,9,65,154
917643796,1,36,1,77
917919724,8,13,23,87
919168397,1,9,20,35
920869856,7,8,10,26
920873167,7,8,10,26
922302296,3,10,9,9
922595498,3,10,9,9
922643119,3,10,9,189
922992588,3,7,8,178
923415956,7,8,10,116
923761285,7,8,10,11
924049792,8,13,23,43
924737391,8,13,23,108
924788221,7,8,1,82
925241334,7,8,16,23
925799233,10,18,73,212
925811326,7,8,10,11
925824977,1,9,36,203
926490072,7,8,10,11
940791248,5,5,5,4
945354221,1,36,79,240
946300310,5,5,6,36
946308462,5,5,5,4
947003647,5,5,6,6
947573616,3,10,9,46
947582284,2,2,77,236
947681334,5,5,6,6
947681560,5,5,6,6
947681574,5,5,5,4
947685653,5,5,5,4
947858895,8,13,52,106
947862945,8,13,52,106
947898091,3,7,8,207
948851462,3,7,8,7
951645198,3,10,9,9
951808062,5,5,5,4
952374245,2,2,12,13
952525648,2,2,18,56
952724101,8,13,23,108
953013850,3,10,9,46
953410147,8,13,23,108
953414780,7,8,10,26
954705691,3,10,9,189
956126012,8,13,43,191
956518968,2,2,12,32
958197533,7,8,10,51
975197713,7,8,10,11
976934253,1,9,20,109
976964834,3,7,8,101
976994022,5,5,5,4
977002560,5,5,5,4
977339122,5,5,5,10
977339225,5,5,5,4
977352235,5,5,5,4
977413163,3,3,3,2
977598865,3,7,8,61
977697611,5,5,5,4
978056035,1,7,1,49
978681977,5,5,5,4
978686129,5,5,6,6
978971398,7,8,10,9
979066072,5,5,6,128
979368408,5,5,6,6
980978890,7,8,10,217
980982986,7,8,10,11
981000564,3,14,1,1
982070626,5,5,5,4
982389963,2,2,12,13
983067799,5,5,5,4
983093876,5,5,5,4
983426636,5,5,5,4
983430664,5,5,5,4
983767417,2,2,12,13
983767602,5,5,5,4
984536209,7,8,10,11
984799284,7,8,10,10
984833702,1,9,17,21
986089634,2,2,38,77
986098785,3,10,9,220
986974738,8,13,23,221
987117151,2,2,12,23
987273073,8,13,29,211
988567837,7,8,10,11
988909130,7,8,10,11
989228019,7,8,10,11
