1
2
3
3
3
3
4
3
3
5
5
5
5
5
5
5
3
5
1
1
2
1
3
4
3
3
3
1
3
3
1
3
3
3
3
3
3
3
3
3
3
3
3
3
1
1
3
3
3
3
3
3
3
3
3
3
3
3
1
3
3
3
1
3
3
3
4
1
3
1
3
3
1
1
1
1
3
2
4
1
1
5
2
4
5
1
5
5
3
5
3
4
3
4
3
4
4
3
3
4
1
3
3
3
2
3
1
1
1
3
3
1
1
3
1
2
1
1
1
3
1
4
1
6
1
5
4
4
1
5
3
1
4
2
4
1
3
3
6
3
1
3
6
3
4
4
6
1
3
3
3
1
1
1
1
6
2
5
1
3
4
4
5
2
4
3
5
5
4
1
6
3
1
1
3
6
3
3
1
5
2
1
3
3
4
3
3
1
4
1
4
4
5
5
5
1
1
4
5
4
4
1
1
4
4
4
1
1
1
3
4
7
3
4
4
1
1
3
3
1
1
2
1
8
1
3
1
6
7
3
1
1
1
2
2
3
3
2
4
1
7
3
2
4
4
4
4
4
3
3
1
3
3
3
4
2
2
3
6
3
3
1
3
4
3
4
3
4
3
2
5
7
3
6
3
3
3
3
3
2
3
3
3
7
1
4
4
7
4
4
4
4
5
4
6
5
4
5
1
3
4
3
4
3
2
2
3
1
2
3
3
2
2
3
1
4
6
6
4
6
6
3
6
3
3
3
1
3
2
3
4
3
3
3
3
3
2
1
5
3
4
7
7
5
2
5
1
3
5
4
5
5
4
4
3
4
5
5
5
2
1
1
1
1
6
4
1
1
3
4
5
5
1
3
4
3
6
4
3
3
3
3
3
3
2
6
4
3
3
2
2
1
3
3
3
3
7
3
3
7
2
5
3
1
6
1
3
3
4
5
4
5
4
5
4
4
5
3
5
1
4
5
7
1
6
4
6
6
5
6
6
6
3
4
1
4
6
6
6
4
3
9
6
6
6
6
5
3
6
6
6
1
3
4
1
1
3
5
3
4
5
4
1
5
7
1
10
3
4
6
5
7
3
6
3
6
4
3
3
3
4
2
1
11
4
6
3
12
2
7
1
1
1
1
7
2
4
3
4
3
1
1
7
2
2
2
3
6
7
1
7
7
3
7
3
2
4
6
2
5
2
4
4
5
5
4
4
3
4
1
3
6
4
6
5
2
1
13
4
4
2
2
6
2
4
4
2
6
1
3
5
3
2
4
3
3
6
1
1
4
2
2
1
1
6
7
2
6
2
2
1
2
2
1
4
3
3
6
7
5
3
3
1
2
14
3
3
3
6
6
1
3
7
4
15
16
6
4
7
4
3
3
4
4
5
13
4
3
4
1
2
4
4
6
3
4
4
17
4
5
4
4
2
6
2
5
4
4
5
6
1
4
1
5
4
1
5
1
3
6
4
2
5
2
2
2
4
5
3
4
5
5
3
4
4
1
7
5
5
18
3
3
5
4
3
19
1
2
4
3
3
5
7
6
4
3
3
5
3
3
2
5
3
2
5
1
2
2
2
2
7
7
7
7
7
7
7
7
7
3
7
2
2
2
7
7
7
5
6
20
6
3
6
6
11
4
4
6
4
7
4
4
1
4
4
4
4
4
4
5
4
6
5
5
6
5
4
3
2
4
6
5
13
5
4
1
5
2
1
4
5
4
2
3
2
3
2
5
2
21
5
5
5
2
1
1
5
5
2
5
2
3
3
5
5
3
3
6
22
1
4
5
5
5
5
6
5
2
2
7
7
23
24
25
2
7
7
7
26
6
5
7
7
6
5
5
7
16
4
5
5
2
5
4
13
2
1
6
1
4
6
7
6
6
6
6
13
1
5
2
5
27
4
6
6
4
5
28
4
4
4
29
5
5
6
4
1
6
2
2
3
4
3
2
4
5
6
6
6
6
5
2
7
6
5
5
5
6
30
31
7
2
7
6
6
5
2
6
7
6
1
2
4
2
32
1
5
2
4
6
6
6
5
6
6
6
6
6
6
7
13
7
5
5
7
6
33
5
5
7
6
6
1
34
2
13
5
7
6
6
2
2
5
5
5
2
4
5
4
7
1
4
4
4
6
4
4
2
4
5
6
4
4
13
4
4
4
35
2
1
2
6
1
13
1
6
5
4
6
5
5
5
4
5
1
4
6
1
36
5
6
6
6
37
6
2
5
6
6
38
2
5
6
5
5
6
6
6
6
6
5
2
39
5
2
6
6
5
13
7
1
4
6
6
6
6
6
6
2
1
1
13
4
6
6
2
7
2
6
7
6
6
2
5
2
5
6
2
2
6
40
6
6
28
5
5
5
5
5
4
5
2
5
1
4
1
5
5
4
5
13
4
6
6
6
6
4
5
2
4
2
5
6
6
2
2
1
5
4
5
4
7
41
4
6
37
2
7
5
4
6
5
5
2
5
3
5
2
2
13
13
2
2
7
7
6
4
2
6
4
2
5
4
42
1
1
10
13
13
5
5
6
5
4
5
7
5
2
1
4
5
4
13
13
2
5
5
5
5
6
6
13
43
6
5
6
7
2
2
6
6
1
6
6
2
5
4
44
45
6
5
5
5
6
13
1
6
1
13
3
1
1
6
7
6
4
6
1
1
5
7
7
7
1
5
46
47
48
6
37
2
7
7
7
49
6
6
7
50
5
13
4
1
4
4
35
2
5
2
7
51
5
5
7
4
5
6
7
4
6
6
2
2
6
1
1
7
4
4
52
2
13
5
4
1
5
6
3
5
7
1
2
4
6
6
2
7
7
7
7
5
2
2
5
7
5
7
7
7
7
2
7
5
2
6
4
2
53
54
6
7
4
11
11
11
11
5
7
4
4
7
5
11
6
4
4
6
4
43
4
11
5
4
55
56
6
2
44
6
2
2
2
1
2
2
2
5
2
2
1
4
4
4
4
6
57
7
5
58
28
7
2
7
7
2
6
2
2
6
59
5
5
1
13
13
5
4
6
13
5
5
13
6
7
60
4
6
6
11
13
2
2
2
2
1
4
61
6
1
11
7
62
7
5
5
63
64
2
2
2
65
5
2
2
7
4
66
47
67
2
68
1
1
13
28
5
4
11
5
6
1
1
1
1
6
6
13
5
4
13
5
2
69
11
70
4
1
2
1
71
72
13
7
7
7
7
7
13
7
5
73
74
2
7
7
2
75
13
1
13
2
7
76
2
77
13
13
1
13
13
5
13
4
5
1
13
11
1
1
4
1
1
1
1
4
5
1
1
4
11
2
4
1
78
79
80
81
7
7
2
2
82
5
5
5
5
3
83
7
2
2
7
84
2
85
7
3
7
4
7
6
1
6
5
11
1
1
4
1
5
13
1
1
1
1
4
2
2
5
86
87
5
5
1
88
89
13
13
2
5
2
90
2
7
5
2
13
91
7
7
4
5
1
1
1
1
1
92
5
1
6
6
1
1
7
93
1
1
7
7
11
1
13
1
1
1
6
1
1
47
94
13
1
7
7
7
4
95
96
13
5
2
13
2
97
7
7
7
11
13
92
11
1
92
98
1
1
1
92
11
1
1
1
13
1
99
11
5
7
7
100
7
1
1
1
13
1
1
1
1
1
1
1
13
101
7
2
2
7
7
67
102
103
104
105
7
106
1
92
13
7
7
5
28
11
1
1
1
1
1
11
1
1
1
7
1
4
11
1
28
1
1
1
1
1
107
108
7
4
28
1
7
7
28
7
109
7
7
5
7
110
7
13
1
13
13
13
1
1
13
1
7
1
11
1
11
1
1
4
1
1
1
1
1
1
1
11
5
1
1
13
5
1
1
13
111
13
13
5
92
1
1
7
1
1
1
1
8
1
11
13
1
1
13
112
113
2
114
7
7
115
13
1
1
1
11
1
1
1
1
1
1
1
1
1
1
5
13
1
5
13
116
13
13
13
117
13
6
7
7
11
7
5
11
7
11
1
11
1
1
1
1
1
1
13
118
7
13
2
5
5
13
119
13
1
1
1
13
11
5
13
2
13
13
5
92
13
120
92
13
5
4
1
11
1
121
13
13
122
123
7
1
13
13
13
13
1
13
13
13
124
119
13
92
11
7
1
1
5
1
13
3
7
1
124
2
11
1
1
13
13
13
13
13
125
7
7
1
92
1
13
1
13
13
126
127
13
11
11
13
13
13
13
128
129
130
11
92
11
11
11
5
13
131
13
13
130
92
13
132
13
5
13
2
13
13
13
13
13
133
7
134
7
7
7
13
13
13
13
13
13
28
135
136
13
137
11
7
11
13
138
13
13
13
13
7
139
44
11
140
13
141
13
13
13
119
4
142
11
4
11
1
5
13
98
13
13
13
143
7
11
144
13
13
5
145
13
146
147
92
148
149
13
13
2
140
11
150
5
13
13
151
11
13
119
11
13
11
11
13
152
11
98
92
153
11
11
154
11
11
13
145
155
156
157
13
11
13
158
2
11
11
11
5
98
98
13
159
11
160
11
11
161
5
162
163
13
2
11
13
13
11
164
165
11
13
4
11
11
13
5
28
11
13
11
28
152
166
167
2
2
11
11
11
13
168
2
2
11
169
11
11
170
98
171
172
11
11
173
174
11
11
11
152
11
11
11
175
176
11
13
11
177
178
11
179
11
11
11
11
180
44
181
11
182
183
184
28
5
11
11
11
11
11
11
11
185
186
187
188
189
11
190
5
191
11
11
11
11
11
28
13
192
11
28
11
11
193
152
194
13
11
195
11
11
11
196
197
11
11
198
11
199
11
200
11
201
11
202
203
11
11
11
204
205
206
201
207
208
209
11
11
98
210
211
212
213
11
28
1
1
2
4
16
5
4
43
7
3
2
2
3
1
4
13
4
4
1
7
4
4
7
5
2
2
4
13
13
7
6
6
5
7
13
5
7
7
5
92
92
1
13
11
1
119
11
11
11
13
11
11
11
3
1
3
3
3
3
1
3
3
3
3
1
3
6
7
1
3
3
3
1
1
6
1
6
1
5
4
5
3
1
1
4
5
28
2
5
2
3
6
5
4
6
1
1
1
1
1
2
4
5
111
7
13
1
4
1
2
13
1
1
4
1
3
1
1
1
3
5
2
1
1
2
13
4
3
4
1
1
1
5
4
4
3
4
13
1
4
4
7
6
7
7
6
2
6
2
13
7
5
7
1
7
13
13
3
4
3
3
6
1
7
13
5
92
3
3
92
5
11
11
1
1
11
7
4
6
6
2
4
13
13
120
1
1
13
6
11
3
4
11
92
3
6
3
4
3
13
2
13
7
5
13
7
7
13
5
1
3
3
2
4
3
1
3
3
7
4
4
4
3
5
214
1
4
4
5
13
7
1
5
1
3
5
5
7
5
4
5
7
7
5
13
1
4
13
5
7
1
4
92
119
7
1
4
5
152
5
4
4
7
1
4
13
11
4
11
5
1
6
13
7
215
13
5
13
5
4
5
4
6
1
5
5
4
1
13
4
6
6
11
6
7
7
4
6
7
5
1
13
6
1
7
7
5
13
3
5
6
92
7
4
3
13
11
2
5
5
13
5
111
7
5
216
1
4
7
5
11
1
4
13
7
2
4
2
13
1
2
6
1
4
7
6
6
2
13
3
1
4
6
3
6
3
2
2
1
4
11
7
3
13
217
13
200
6
4
3
7
28
