1
2
3
4
5
6
7
8
9
10
10
10
10
10
11
10
10
10
12
13
9
12
14
15
14
16
17
18
19
14
20
14
9
5
9
21
22
23
23
24
25
26
14
7
20
27
15
14
28
14
23
14
29
30
31
30
21
23
13
14
32
23
20
9
23
33
34
13
14
33
25
14
27
18
20
27
14
35
15
36
37
38
39
40
41
32
10
42
4
10
9
43
44
45
21
46
46
14
31
47
12
15
48
14
49
14
20
12
50
8
14
27
49
14
12
39
20
18
50
14
6
15
51
43
9
28
52
53
32
54
25
27
15
55
15
27
7
48
56
30
57
19
58
14
15
34
59
51
32
5
14
60
13
61
1
62
9
28
63
48
44
64
42
65
66
31
10
67
44
57
68
69
20
20
14
70
14
4
12
28
71
72
48
5
15
48
73
33
34
50
34
15
32
28
42
29
74
66
75
44
15
4
76
34
44
15
32
12
50
31
34
77
64
34
43
36
78
4
14
79
18
14
30
80
60
33
33
81
82
83
33
50
1
84
14
22
73
2
85
79
86
87
39
88
15
52
34
15
25
4
18
25
44
25
89
90
83
38
70
48
10
20
91
15
21
15
91
92
26
93
24
77
74
62
48
48
2
4
48
62
4
91
43
77
36
94
15
95
52
34
52
15
42
15
70
32
34
10
4
4
15
4
15
2
96
10
14
97
63
4
91
39
98
14
50
45
56
43
47
43
70
99
43
4
100
48
18
101
35
102
43
31
100
102
69
33
35
33
85
103
104
77
77
32
71
42
79
93
42
34
41
105
15
15
83
15
28
106
28
65
20
13
13
18
107
108
18
18
102
34
92
41
57
109
15
91
110
111
48
102
91
91
48
112
82
113
34
22
7
71
1
33
114
114
115
114
1
116
117
77
82
86
48
49
118
63
5
2
119
105
34
42
15
54
15
120
121
26
32
12
85
106
77
18
107
43
43
122
32
58
56
80
90
111
36
44
58
58
56
34
31
123
58
81
56
56
10
26
58
124
59
33
116
43
57
125
48
10
101
52
10
43
12
41
77
27
102
91
52
126
32
77
91
81
14
58
43
117
127
128
34
129
12
130
43
118
102
80
63
77
12
12
12
63
1
39
31
48
43
112
113
113
1
39
39
115
48
131
132
33
77
33
112
77
2
133
111
134
39
42
2
15
15
8
135
43
36
48
136
13
14
113
15
81
38
39
63
97
34
34
86
30
137
138
15
43
63
81
84
69
41
26
71
34
100
10
56
78
18
45
115
39
78
18
59
92
139
59
115
140
13
71
63
63
34
48
7
118
33
38
141
109
84
104
127
109
7
142
143
122
144
10
77
45
145
146
147
94
148
34
48
48
43
45
42
72
15
48
111
84
149
15
34
124
48
15
15
150
151
10
152
43
2
137
153
10
15
52
63
81
76
15
18
154
143
53
41
155
91
156
15
39
157
39
39
39
15
63
10
15
32
10
91
34
89
1
77
10
10
158
10
91
92
15
10
159
82
63
34
10
91
42
77
43
15
10
91
38
91
160
86
10
48
63
28
18
161
115
115
115
155
155
155
77
155
155
155
155
77
128
1
104
162
35
77
77
33
92
59
163
59
48
59
59
164
111
52
70
52
108
34
34
165
43
34
143
34
166
66
157
167
68
10
32
43
54
34
10
96
67
43
168
97
32
15
63
41
39
18
34
42
169
39
127
35
160
39
28
93
170
10
10
10
139
97
171
32
32
65
28
86
48
172
38
173
2
91
43
174
79
42
168
76
10
10
59
38
39
2
77
77
175
176
177
2
178
155
179
180
146
181
77
77
182
10
10
77
183
34
184
185
186
112
111
72
86
64
169
18
15
43
77
43
187
43
156
139
140
42
63
27
188
15
70
123
42
42
189
190
34
67
191
121
32
192
15
12
156
193
39
194
195
160
119
196
10
146
192
192
192
105
39
79
110
32
42
42
126
197
198
199
200
161
59
156
42
161
161
155
59
171
90
15
39
201
32
32
202
43
192
156
156
109
59
43
182
156
156
156
178
97
77
203
10
155
182
204
173
42
1
59
156
63
205
2
97
206
77
59
207
202
39
92
42
206
87
94
154
52
208
66
15
66
45
123
15
15
87
34
42
209
15
15
97
15
66
167
210
211
129
212
43
18
97
84
110
10
15
110
213
214
214
15
157
12
43
76
61
215
42
156
192
123
216
217
39
10
218
197
219
39
10
156
10
121
43
156
43
10
156
105
60
220
214
86
156
43
85
97
199
32
48
91
156
131
221
43
182
39
171
18
97
94
156
156
39
32
2
156
77
222
147
37
223
39
92
224
133
225
207
226
227
228
228
103
92
92
92
92
34
42
62
28
140
167
140
229
42
121
54
139
94
110
151
43
68
15
92
186
15
230
214
15
136
231
39
18
105
34
92
190
77
232
34
43
216
157
77
214
195
43
233
121
39
105
4
10
63
39
234
72
63
39
193
77
235
155
133
192
63
39
234
155
236
171
171
227
72
72
237
10
235
213
34
185
155
238
186
165
34
76
111
239
240
87
214
32
42
214
136
241
97
242
136
243
43
200
239
2
241
43
61
156
244
60
76
245
246
247
43
214
121
248
43
97
12
203
80
97
160
80
212
156
77
131
155
159
249
217
184
250
132
77
217
92
251
252
253
24
216
2
77
24
235
254
102
235
77
255
173
72
256
18
43
52
210
257
42
37
181
258
42
105
45
45
11
125
157
259
213
241
212
186
260
18
18
157
190
111
261
39
97
10
45
80
92
259
10
237
262
80
39
155
131
161
129
224
132
92
148
263
133
115
42
77
206
77
77
77
264
133
130
237
39
146
34
202
265
266
267
208
268
269
270
271
269
272
155
34
67
186
42
273
144
45
268
70
45
242
52
273
2
52
274
275
260
39
276
43
277
98
39
18
39
39
39
157
1
212
39
91
196
196
196
179
278
101
121
279
280
131
101
77
132
39
281
157
282
235
283
284
104
18
97
285
272
52
113
286
287
184
256
260
178
288
256
203
182
289
256
225
39
290
35
33
155
155
291
231
281
155
292
77
92
185
293
233
63
86
202
294
238
39
39
155
94
295
296
297
86
298
18
18
72
299
206
300
300
272
144
18
18
18
18
179
203
97
92
34
97
109
290
301
250
80
120
18
239
18
302
303
239
77
155
304
77
148
256
22
92
305
306
133
77
77
86
277
97
256
218
284
262
307
225
308
239
72
18
309
76
206
268
270
310
18
311
312
18
18
245
18
12
18
18
152
304
12
12
94
120
239
15
12
313
314
315
316
148
148
231
39
317
184
184
238
109
48
318
77
86
39
319
320
39
321
218
161
77
146
77
322
18
323
272
324
209
18
94
12
92
270
12
12
18
18
66
37
37
214
325
248
109
184
18
230
326
97
225
39
92
39
327
39
148
238
328
72
329
330
77
40
28
18
18
1
18
18
310
42
18
331
244
18
12
184
248
12
12
178
77
243
18
97
60
18
18
211
18
18
291
332
97
18
55
77
1
155
333
334
335
185
187
218
153
336
77
77
77
337
310
310
312
18
310
338
18
18
18
339
312
18
13
12
304
18
340
341
168
184
1
342
77
60
60
18
97
18
18
18
18
18
18
18
97
343
1
202
97
344
95
297
345
346
347
348
77
349
18
350
309
240
208
76
351
312
18
18
18
18
18
337
18
18
12
77
12
162
341
352
353
18
18
18
18
18
354
355
218
196
356
49
148
77
357
77
358
359
77
32
77
360
148
234
60
361
362
72
138
18
272
18
148
18
213
18
213
18
18
363
209
60
18
12
18
12
12
364
304
18
18
97
32
18
60
97
365
72
72
154
310
49
60
77
63
12
18
18
93
18
366
139
60
60
97
367
368
86
369
77
77
370
272
49
18
60
371
18
12
74
18
12
18
60
18
12
18
184
72
18
92
72
372
97
218
218
373
97
43
77
374
289
77
331
375
148
291
60
376
18
18
18
18
12
12
218
377
330
22
55
10
262
378
287
286
18
18
18
72
379
135
380
381
304
263
42
240
72
309
310
382
213
363
18
364
18
383
72
309
384
385
77
18
72
229
386
386
12
218
97
386
387
388
380
310
319
49
18
18
184
60
97
74
218
60
387
149
243
18
18
389
97
97
72
97
390
77
374
18
391
18
286
18
218
97
392
393
361
376
75
394
97
229
72
395
396
397
398
310
378
323
378
92
97
399
97
202
397
339
382
400
218
234
97
202
311
309
239
97
401
402
77
403
285
148
208
267
218
97
72
97
72
404
162
229
405
406
407
77
273
335
408
218
72
72
72
208
409
410
289
271
335
411
218
362
311
412
155
413
414
245
414
18
184
408
338
389
218
218
415
218
416
417
286
389
223
418
218
419
420
421
422
423
218
218
82
271
289
424
184
330
335
319
74
425
388
237
286
237
426
218
427
416
338
350
428
429
398
430
426
426
72
418
431
432
433
286
434
389
435
381
425
289
436
223
338
338
361
437
289
438
371
439
440
42
441
442
218
225
376
443
286
429
444
445
446
286
34
434
426
263
92
447
407
286
378
448
449
450
451
225
225
289
452
371
218
453
225
225
74
454
455
426
456
338
457
458
364
459
460
461
459
462
463
427
341
464
465
466
467
364
468
454
454
469
130
470
471
366
371
468
472
473
474
381
475
476
477
478
184
446
341
455
426
371
479
459
480
481
482
483
465
484
485
112
486
429
487
371
482
488
489
490
434
491
492
491
493
494
449
495
496
497
497
471
371
498
499
500
501
471
502
455
503
459
134
501
504
434
505
245
371
429
463
506
507
508
504
509
510
511
498
512
319
513
514
245
245
501
515
32
32
39
44
183
28
242
242
33
48
82
1
4
18
34
238
34
15
36
77
15
15
77
10
39
87
34
139
268
224
80
516
82
77
287
92
77
77
272
310
517
12
286
518
60
388
379
341
267
218
501
459
512
14
57
519
14
520
16
521
10
116
2
4
18
145
323
77
18
102
4
91
79
74
43
13
10
29
10
34
10
91
33
84
111
157
111
2
92
257
141
156
405
45
522
18
18
12
12
53
39
152
523
155
208
309
18
319
212
39
218
209
63
15
32
14
12
20
50
14
32
39
1
82
35
311
15
91
15
39
57
18
42
15
36
73
256
97
36
363
45
77
43
155
77
159
86
516
2
72
77
92
157
18
479
439
361
15
43
91
48
76
79
77
401
32
310
102
100
310
92
289
524
9
12
164
155
15
10
59
282
256
139
72
290
138
18
218
70
459
7
15
312
310
48
10
14
152
99
311
2
97
77
364
139
77
146
268
237
18
145
48
65
47
86
18
109
200
281
15
15
45
4
32
525
57
15
45
28
218
77
18
112
18
7
23
42
77
42
155
92
77
77
82
218
18
256
361
243
1
49
52
310
412
77
49
331
28
449
92
120
15
148
18
526
341
341
256
416
92
36
192
311
77
527
218
92
76
10
47
526
243
117
27
42
76
15
18
309
47
192
43
528
289
148
77
34
267
155
214
18
361
326
33
77
77
112
389
160
42
15
310
77
522
112
229
371
39
27
523
97
157
262
264
92
529
18
15
77
10
249
18
155
454
77
39
214
39
335
18
87
197
18
34
77
277
56
115
72
33
12
15
43
2
102
48
520
86
4
43
455
1
14
268
530
361
134
235
15
31
77
531
